TimeStamp,FootLeft_x,FootRight_x,FootLeft_y,FootRight_y,WristLeft_x,WristRight_x,WristLeft_z,WristRight_z,KneeLeft_x,KneeRight_x,KneeLeft_y,KneeRight_y,ElbowLeft_x,ElbowRight_x,ElbowLeft_y,ElbowRight_y,Head_y,AnkleLeft_y,AnkleRight_y
69594448, 0.1607555, 0.2266788, -0.9430478, -0.916698, -0.1302033, 0.3219214, 2.161864, 2.160213, 0.1581823, 0.250678, -0.5068942, -0.519561, -0.1373265, 0.3444682, 0.08967218, 0.06446649, 0.1289361, -0.8901874, -0.855877
 69594477, 0.1430874, 0.2570721, -0.9119836, -0.9194366, -0.1104474, 0.2917023, 2.164242, 2.162948, 0.1491088, 0.2561354, -0.5058609, -0.5126786, -0.1359916, 0.3422364, 0.1147564, 0.0760189, 0.1269759, -0.8636227, -0.84909
 69594509, 0.1525192, 0.273374, -0.8974467, -0.9186636, -0.102609, 0.3084131, 2.166737, 2.186825, 0.1449198, 0.2573882, -0.5035589, -0.5109134, -0.1327873, 0.337051, 0.1277103, 0.09424624, 0.1267249, -0.8490105, -0.8373659
 69594544, 0.1695738, 0.3262232, -0.9007379, -0.9147524, -0.07633524, 0.3079737, 2.158331, 2.205632, 0.1434758, 0.2598992, -0.5019878, -0.5095893, -0.1246758, 0.3341604, 0.130561, 0.1024027, 0.1286386, -0.8518356, -0.8403468
 69594576, 0.1795116, 0.3259978, -0.9288961, -0.9142457, -0.07063989, 0.3025921, 2.152344, 2.227479, 0.1434543, 0.2599201, -0.5020588, -0.5096209, -0.116152, 0.334642, 0.1264928, 0.09670721, 0.1303144, -0.8615189, -0.8487194
 69594608, 0.1802154, 0.3254683, -0.9331909, -0.921455, -0.06162298, 0.3084098, 2.127214, 2.20238, 0.1436659, 0.2595999, -0.5025564, -0.5140774, -0.1030654, 0.3328063, 0.0996436, 0.08375607, 0.1350511, -0.8671254, -0.8628586
 69594644, 0.2125811, 0.3183227, -0.920206, -0.9289798, -0.05363203, 0.3118919, 2.111535, 2.207666, 0.1443143, 0.2475344, -0.5038694, -0.5352206, -0.09874648, 0.3268546, 0.07934327, 0.04455915, 0.1472164, -0.8705567, -0.8674632
 69594679, 0.2203117, 0.3189934, -0.9343309, -0.9379651, -0.04232347, 0.3166858, 2.099485, 2.210911, 0.1529455, 0.2395876, -0.5204027, -0.5457959, -0.1036407, 0.3252425, 0.05650657, 0.02396196, 0.1548144, -0.8804446, -0.880469
 69594713, 0.2091118, 0.3164182, -0.9609768, -0.9404422, -0.04150366, 0.3166188, 2.089545, 2.214835, 0.1433874, 0.2255941, -0.5221493, -0.5513457, -0.1115881, 0.3227524, 0.04092195, 0.01211681, 0.1563211, -0.8929614, -0.8784531
 69594747, 0.2078635, 0.3017025, -0.959626, -0.9407107, -0.04487937, 0.3138107, 2.080473, 2.214284, 0.1345369, 0.2216189, -0.5238886, -0.5535522, -0.1160659, 0.3204567, 0.04295068, 0.008625933, 0.157647, -0.8914973, -0.8766724
 69594777, 0.2361932, 0.3011054, -0.9365038, -0.9398111, -0.04562961, 0.2945424, 2.087889, 2.204119, 0.1140876, 0.209408, -0.5145954, -0.5533698, -0.1357819, 0.307009, 0.06885445, 0.01891754, 0.1588122, -0.8880821, -0.875289
 69594808, 0.1781175, 0.2992866, -0.944438, -0.9303896, -0.04582494, 0.2859264, 2.123963, 2.220564, 0.08293134, 0.1919987, -0.5016364, -0.5529929, -0.1497086, 0.2907284, 0.1179403, 0.05187061, 0.1583742, -0.8795359, -0.8747708
 69594846, 0.1841235, 0.2503379, -0.9232349, -0.9214384, -0.05396881, 0.2818952, 2.152258, 2.239985, 0.06431754, 0.1406765, -0.4973642, -0.5446398, -0.1674556, 0.2840773, 0.1498259, 0.08466532, 0.1518731, -0.8735501, -0.8591883
 69594877, 0.09548055, 0.1748954, -0.9136763, -0.9080047, -0.02402163, 0.2465194, 2.144172, 2.235837, 0.03456831, 0.120722, -0.5009035, -0.533697, -0.1680692, 0.2770206, 0.1569074, 0.09786662, 0.1417394, -0.8609635, -0.8476653
 69594908, 0.005946006, 0.07176317, -0.9149232, -0.9228123, -0.01344286, 0.2379692, 2.15276, 2.259444, 0.02859242, 0.1055042, -0.5097456, -0.5259782, -0.1745825, 0.2696651, 0.1610402, 0.1288997, 0.1238008, -0.8546879, -0.8494346
 69594944, -0.1009376, -0.01869388, -0.9189794, -0.9105775, 0.006965388, 0.2327515, 2.160935, 2.270115, 0.006094658, 0.1008166, -0.5201494, -0.5167614, -0.1765924, 0.2609926, 0.1590653, 0.1509575, 0.08987049, -0.8574604, -0.8551601
 69594978, -0.1694792, -0.06241686, -0.92839, -0.9048393, 0.008307738, 0.2020766, 2.17046, 2.249476, -0.03008623, 0.04003972, -0.5224726, -0.4855671, -0.1774568, 0.2413853, 0.1248775, 0.1555603, 0.07512717, -0.8754092, -0.8454365
 69595010, -0.1898069, -0.02813802, -0.9281445, -0.9143565, 0.007489002, 0.2254277, 2.164634, 2.306022, -0.0655575, 0.02940279, -0.5171575, -0.4958379, -0.1847297, 0.2347632, 0.08359617, 0.1422766, 0.03897683, -0.8729174, -0.8617596
 69595048, -0.1996176, -0.02570465, -0.926606, -0.9155492, -0.003764629, 0.1875698, 2.15904, 2.224407, -0.08365774, 0.01317699, -0.5041635, -0.5018661, -0.1828764, 0.2237009, 0.04715834, 0.126175, 0.01903272, -0.8589121, -0.8613098
 69595080, -0.2024072, -0.05887694, -0.9274099, -0.9358066, -0.005032883, 0.1884528, 2.158772, 2.224235, -0.09203587, 0.007490729, -0.509372, -0.5033219, -0.1888794, 0.2159708, 0.01707782, 0.1083161, 0.0008127949, -0.859902, -0.8679293
 69595113, -0.2036442, -0.06697986, -0.927752, -0.9392343, -0.06887098, 0.1898574, 2.160297, 2.227622, -0.09145565, -0.001461956, -0.5189744, -0.5126178, -0.1860352, 0.2082596, -0.0360627, 0.04591909, -0.003826244, -0.8637121, -0.8716748
 69595150, -0.1894992, -0.03588024, -0.9282778, -0.933247, -0.0827608, 0.187777, 2.150658, 2.211918, -0.08293346, -0.005875017, -0.5376277, -0.5200201, -0.1864033, 0.2107952, -0.03627804, 0.01394809, -0.009840864, -0.8650365, -0.8723215
 69595184, -0.1984069, -0.04899719, -0.9311758, -0.9311936, -0.0912236, 0.1755195, 2.116445, 2.185184, -0.1021432, -0.003709486, -0.5598844, -0.521658, -0.1859413, 0.2117834, -0.04190026, 0.009470007, -0.01118857, -0.8658335, -0.8708788
 69595214, -0.1903292, -0.04600761, -0.9276018, -0.9302232, -0.1067282, 0.1604815, 2.142363, 2.160313, -0.1119903, 0.005239573, -0.5392444, -0.5183461, -0.2023382, 0.2121656, -0.0002433062, 0.01582008, -0.01648542, -0.8635001, -0.8640068
 69595248, -0.1878833, -0.04397565, -0.9264874, -0.9093673, -0.1132738, 0.09664514, 2.158226, 2.147068, -0.09256087, 0.02723703, -0.5230666, -0.5055305, -0.2071545, 0.2087844, 0.04766711, 0.05494021, -0.03266395, -0.8633322, -0.8583306
 69595282, -0.1864523, -0.03831836, -0.9194095, -0.9027561, -0.1218624, 0.09431725, 2.176192, 2.157568, -0.08628505, 0.04444758, -0.5200295, -0.4882841, -0.2185295, 0.2086693, 0.09383538, 0.08207532, -0.03234207, -0.8529546, -0.8551816
 69595315, -0.1190351, -0.03005003, -0.9138657, -0.9069672, -0.1178479, 0.106033, 2.181669, 2.162164, -0.03015609, 0.0721982, -0.5165343, -0.4607702, -0.2155988, 0.2090126, 0.1421668, 0.1203025, -0.02813327, -0.8546397, -0.8488698
 69595360, -0.05826112, 0.04487377, -0.9053633, -0.9045978, -0.1140048, 0.1159329, 2.183615, 2.177549, -0.004709773, 0.07288405, -0.4932497, -0.4858182, -0.2078855, 0.2267443, 0.1737264, 0.1686062, -0.02027868, -0.8531827, -0.8368467
 69595390, 0.005969687, 0.1359792, -0.9201984, -0.9171059, -0.1114455, 0.1316348, 2.183203, 2.187489, 0.01671015, 0.09495825, -0.4832327, -0.480585, -0.2053261, 0.2355547, 0.1977724, 0.1776299, -0.01185504, -0.8535344, -0.8428606
 69595415, 0.07771826, 0.1532518, -0.9143049, -0.9174163, -0.1076623, 0.1400867, 2.185861, 2.188088, 0.02815129, 0.09687301, -0.4740646, -0.4788145, -0.201543, 0.2390127, 0.2030301, 0.1754126, 0.01209655, -0.843407, -0.8499929
 69595446, 0.08346845, 0.2090875, -0.8969147, -0.9306807, -0.102434, 0.1833103, 2.185079, 2.214587, 0.03435414, 0.1163518, -0.4716425, -0.4793846, -0.1963146, 0.2436731, 0.1996078, 0.1524678, 0.02591961, -0.8515044, -0.8593103
 69595478, 0.07244422, 0.2191024, -0.807116, -0.9269843, -0.08732458, 0.1962037, 2.174999, 2.2049, 0.04168197, 0.1668511, -0.4691832, -0.4744532, -0.1812052, 0.2475137, 0.1663649, 0.09562129, 0.05003639, -0.7650166, -0.8701182
 69595515, 0.1010907, 0.2365746, -0.938801, -0.9277284, -0.07935184, 0.2214572, 2.158862, 2.215017, 0.05705601, 0.1819551, -0.4747002, -0.4918553, -0.1769164, 0.2520492, 0.1624988, 0.07150963, 0.05704082, -0.8696984, -0.8570212
 69595546, 0.1007904, 0.2368333, -0.9400387, -0.928426, -0.07060471, 0.2348322, 2.147507, 2.196737, 0.06531666, 0.1844549, -0.4930623, -0.51425, -0.1621158, 0.2611704, 0.1026676, -0.0002443194, 0.07647137, -0.8694742, -0.8641946
 69595578, 0.1006952, 0.2332878, -0.9439033, -0.9337512, -0.1164844, 0.2227746, 2.231995, 2.186797, 0.07643512, 0.1800651, -0.5013044, -0.5191695, -0.1677481, 0.2620752, 0.1501046, -0.003666066, 0.08673361, -0.874603, -0.8714163
 69595614, 0.1002587, 0.2310397, -0.9460233, -0.9321828, -0.09859024, 0.2090612, 2.218794, 2.179553, 0.07636865, 0.17416, -0.5023738, -0.5227271, -0.146835, 0.2619941, 0.1270224, -0.007963873, 0.1007166, -0.8734891, -0.8526621
 69595646, 0.1007045, 0.2305955, -0.9459836, -0.932153, -0.0749476, 0.2090539, 2.189358, 2.179322, 0.07483167, 0.173457, -0.5029952, -0.5408708, -0.1513299, 0.2636996, 0.05589952, -0.002567371, 0.1012672, -0.8746585, -0.8661155
 69595678, 0.09968359, 0.2306576, -0.9441457, -0.9313493, -0.01570394, 0.2217167, 2.144498, 2.200155, 0.05421014, 0.1759752, -0.510564, -0.5442972, -0.1349211, 0.2626108, 0.04967222, 0.03539115, 0.1116331, -0.88081, -0.864602
 69595717, 0.1007067, 0.2295859, -0.936497, -0.9294206, -0.03061532, 0.2139076, 2.160438, 2.207848, 0.02600533, 0.1709839, -0.5060182, -0.5311423, -0.1772119, 0.2550422, 0.1064521, 0.07234196, 0.1094698, -0.8678817, -0.8624203
 69595749, 0.06721413, 0.2194374, -0.9185588, -0.9264125, -0.03431774, 0.1903394, 2.161448, 2.209215, 0.008137545, 0.1612702, -0.4986185, -0.5276484, -0.1832539, 0.2557912, 0.1459183, 0.1127723, 0.1041034, -0.868716, -0.8597503
 69595780, 0.02122267, 0.1594883, -0.9113221, -0.9144979, -0.03494149, 0.1941192, 2.159668, 2.235245, -0.002602626, 0.1323158, -0.4929977, -0.5168487, -0.1932536, 0.2572061, 0.1641089, 0.1539588, 0.08444021, -0.8550805, -0.8585149
 69595813, -0.01057111, 0.1003772, -0.9100403, -0.9087744, -0.03397962, 0.1724636, 2.155189, 2.211742, -0.007646753, 0.103096, -0.4979267, -0.4984264, -0.1930921, 0.2497963, 0.1820429, 0.166741, 0.07209323, -0.8510511, -0.8434535
 69595844, -0.04126972, 0.01564616, -0.9127017, -0.9199396, -0.03586868, 0.1692053, 2.156139, 2.209801, -0.006040409, 0.07954346, -0.4896872, -0.4786589, -0.196953, 0.2515776, 0.1827848, 0.1831989, 0.05028675, -0.8429992, -0.8667908
 69595876, -0.09341299, -0.03422253, -0.9283598, -0.9281592, -0.03295104, 0.1617973, 2.153003, 2.205456, -0.01041818, 0.0750656, -0.4853897, -0.4656989, -0.1996003, 0.2512229, 0.1744171, 0.1879147, 0.03777816, -0.8732599, -0.8661595
 69595914, -0.09481618, -0.03421691, -0.9301313, -0.9276602, -0.06554601, 0.1666856, 2.168749, 2.211734, -0.02178066, 0.06777447, -0.4863277, -0.4638136, -0.1988457, 0.2448285, 0.1611409, 0.1913754, 0.005933917, -0.8743542, -0.8694935
 69595946, -0.1179622, -0.002334796, -0.9340332, -0.9183111, -0.08143187, 0.1983652, 2.134284, 2.243825, -0.05587568, 0.03268523, -0.4918315, -0.4608181, -0.181854, 0.2354766, 0.09948826, 0.1875712, -0.002936034, -0.8744082, -0.8672225
 69595979, -0.1244001, 0.007432185, -0.9385889, -0.8667086, -0.1011786, 0.2128836, 2.150162, 2.266933, -0.05509021, 0.09035118, -0.5054464, -0.4276303, -0.1799305, 0.2408891, 0.0725102, 0.2660719, -0.01255192, -0.875415, -0.8166906
 69596016, -0.1025271, -0.0150809, -0.9410744, -0.9282458, -0.09007894, 0.2013276, 2.10531, 2.211043, -0.0473403, 0.03339635, -0.5178052, -0.4848088, -0.1740839, 0.2249624, -0.006074931, 0.1713435, -0.02042622, -0.8787085, -0.8697715
 69596047, -0.1016405, -0.02159448, -0.9423292, -0.9350789, -0.09975584, 0.2040674, 2.108774, 2.214606, -0.0410741, 0.02728262, -0.5248647, -0.4855897, -0.1751293, 0.223935, -0.007091837, 0.1680277, -0.008147903, -0.8797472, -0.8721346
 69596078, -0.1041693, -0.01415398, -0.9443133, -0.9305634, -0.1342592, 0.1927049, 2.136901, 2.184683, -0.03818536, 0.02869464, -0.5281738, -0.4873751, -0.1774752, 0.2332666, 0.008867379, 0.07581028, -0.01903951, -0.8812533, -0.8753219
 69596113, -0.1053511, -0.01960677, -0.9433066, -0.938371, -0.1406824, 0.1636339, 2.142775, 2.157725, -0.03599309, 0.03155015, -0.5307417, -0.4981562, -0.1745291, 0.2386652, 0.009056105, 0.0579389, -0.02215114, -0.879773, -0.8866458
 69596148, -0.114646, -0.06066739, -0.93845, -0.9412225, -0.1523591, 0.1079991, 2.174902, 2.144647, -0.03221923, 0.03871868, -0.5317621, -0.4818092, -0.1888458, 0.2327726, 0.07083859, 0.06927984, -0.02963552, -0.8744069, -0.870557
 69596180, -0.1122779, -0.03614958, -0.9337035, -0.9282499, -0.1490977, 0.1223058, 2.164015, 2.170534, -0.01768523, 0.05152864, -0.5336597, -0.4745472, -0.1852618, 0.2462785, 0.08230822, 0.1309993, -0.03728863, -0.8719454, -0.858276
 69596215, -0.07775804, -0.0159286, -0.9156272, -0.9014034, -0.1396171, 0.1210284, 2.159515, 2.168738, 0.003212286, 0.06619224, -0.5279484, -0.4676586, -0.1974456, 0.2650759, 0.1364533, 0.1831164, -0.04027665, -0.8633341, -0.8542172
 69596246, -0.033488, 0.06865817, -0.9060727, -0.9155137, -0.145145, 0.1356227, 2.207557, 2.168747, 0.02136321, 0.09306446, -0.510783, -0.4654588, -0.20839, 0.2666561, 0.1622606, 0.2036274, -0.03449911, -0.8385844, -0.8589001
 69596278, 0.05361461, 0.1198005, -0.9076995, -0.9080301, -0.1408154, 0.1477543, 2.206336, 2.168082, 0.0644537, 0.09416032, -0.4876451, -0.4661913, -0.2040472, 0.270831, 0.1963181, 0.2098808, -0.02845128, -0.8485493, -0.8486259
 69596319, 0.1341144, 0.1716432, -0.917098, -0.9143921, -0.1378924, 0.1663892, 2.205679, 2.167248, 0.08273806, 0.1002115, -0.4696753, -0.4750888, -0.2029985, 0.274426, 0.2005379, 0.2077009, -0.01945707, -0.8569514, -0.8465238
 69596351, 0.1095557, 0.2093236, -0.8357515, -0.9136813, -0.1305354, 0.1871894, 2.202359, 2.161695, 0.08331263, 0.1349225, -0.4647811, -0.473862, -0.2001922, 0.2874027, 0.2052888, 0.1713923, -0.007538747, -0.7630004, -0.8566055
 69596384, 0.09823342, 0.2050871, -0.8369249, -0.9410794, -0.1295029, 0.2132064, 2.197766, 2.161602, 0.08377524, 0.1473766, -0.4603004, -0.4735122, -0.1906834, 0.28811, 0.2348697, 0.1441977, 0.0151531, -0.7584503, -0.8779648
 69596425, 0.03946712, 0.2061782, -0.8002271, -0.9358038, -0.1217249, 0.2691262, 2.193433, 2.163101, 0.1087959, 0.1711488, -0.4676102, -0.5077901, -0.1853337, 0.2837175, 0.2486327, 0.0843649, 0.03456008, -0.7656671, -0.8823262
 69596455, 0.1072169, 0.2111401, -0.8338356, -0.9306991, -0.1180841, 0.2797079, 2.192954, 2.158262, 0.1055513, 0.1726454, -0.461701, -0.5189167, -0.1716767, 0.2901697, 0.2394403, 0.05671751, 0.05229027, -0.7597567, -0.864458
 69596482, 0.1103603, 0.2126808, -0.8287948, -0.9587355, -0.1182857, 0.2871011, 2.194761, 2.163737, 0.1082503, 0.1721196, -0.4572492, -0.5316304, -0.1709132, 0.2932569, 0.2296228, 0.04485349, 0.05426453, -0.7553041, -0.8938054
 69596517, 0.03430174, 0.2052573, -0.8483403, -0.9566548, -0.1090581, 0.2681842, 2.19346, 2.135056, 0.1111693, 0.1708888, -0.5143601, -0.5491026, -0.1450894, 0.3036673, 0.1943212, 0.001194845, 0.06638326, -0.8124141, -0.8938062
 69596545, 0.07157211, 0.2085539, -0.7633988, -0.9563059, -0.09553428, 0.226157, 2.168574, 2.123913, 0.06748051, 0.1696612, -0.3929423, -0.5530947, -0.1276242, 0.2964743, 0.1495258, 0.01297405, 0.07295033, -0.6909955, -0.893936
 69596577, 0.08953783, 0.2241582, -0.8232841, -0.9522274, -0.06344525, 0.2050693, 2.133681, 2.114812, 0.07674433, 0.1606755, -0.4568911, -0.5589757, -0.1307019, 0.2874406, 0.07079156, 0.03112653, 0.08298424, -0.7549433, -0.893509
 69596612, 0.1446038, 0.2287589, -0.9078342, -0.9378874, -0.04899464, 0.2141728, 2.146247, 2.166522, 0.06230594, 0.1522174, -0.4719206, -0.5535223, -0.1392771, 0.2832852, 0.09502156, 0.07736789, 0.09583105, -0.8329376, -0.877486
 69596644, 0.07566889, 0.224384, -0.8192868, -0.9209086, -0.07184251, 0.2089402, 2.167749, 2.186638, 0.04090687, 0.1247859, -0.481034, -0.5325407, -0.1668062, 0.274491, 0.1358273, 0.1301441, 0.08510087, -0.7775859, -0.8537917
 69596680, 0.0918814, 0.1697937, -0.909072, -0.9094406, -0.07335185, 0.1976669, 2.165902, 2.195385, 0.02972664, 0.1113086, -0.4679399, -0.5071866, -0.1671024, 0.2689309, 0.1601458, 0.1572387, 0.07685211, -0.8516122, -0.8484171
 69596714, 0.024421, 0.1502893, -0.9080763, -0.9102587, -0.07261737, 0.1733314, 2.168999, 2.179234, 0.02289744, 0.09242321, -0.483503, -0.4819108, -0.1734097, 0.2681317, 0.1825464, 0.1848453, 0.06478141, -0.8474903, -0.8473688
 69596759, -0.0133967, 0.03996218, -0.8973297, -0.9070213, -0.07293135, 0.1682187, 2.170063, 2.177136, -0.01022429, 0.06745124, -0.4109669, -0.4554361, -0.178744, 0.2636095, 0.1870819, 0.1874064, 0.05445113, -0.8116049, -0.8470201
 69596789, -0.02950983, -0.008468114, -0.8575048, -0.8642579, -0.07505202, 0.1442534, 2.163264, 2.152817, -0.01539617, 0.04084142, -0.4122661, -0.4500754, -0.1823605, 0.2394946, 0.1866447, 0.2422345, 0.0426401, -0.8130416, -0.7946092
 69596814, -0.09460887, 0.02165273, -0.9435555, -0.8257132, -0.09240416, 0.1426069, 2.12714, 2.144932, -0.01624784, 0.06922179, -0.4732495, -0.4349851, -0.1858102, 0.2378482, 0.1794884, 0.2446941, 0.01906702, -0.8818092, -0.7625087
 69596845, -0.0977048, 0.02394986, -0.9436615, -0.7842711, -0.1595383, 0.1443709, 2.209576, 2.141315, -0.01726569, 0.05651945, -0.4285249, -0.3944504, -0.1415914, 0.2396121, 0.2405115, 0.2564886, 0.0205434, -0.8833659, -0.7105253
 69596880, -0.1079127, 0.1357414, -0.9480081, -0.7840398, -0.1615186, 0.144624, 2.198514, 2.140983, -0.02734897, 0.07564539, -0.4293669, -0.426212, -0.1739828, 0.2398652, 0.1896926, 0.259213, 0.01800974, -0.8870862, -0.7422869
 69596913, -0.1183526, 0.03051578, -0.9521745, -0.7885141, -0.1498316, 0.12394, 2.175602, 2.125272, -0.03173317, 0.07558956, -0.4307932, -0.4261131, -0.1786875, 0.2191812, 0.1780428, 0.2089708, -0.0079377, -0.8880769, -0.7541826
 69596942, -0.1224704, 0.03649297, -0.9548193, -0.7897766, -0.1206237, 0.2257487, 2.141517, 2.281964, -0.03225344, 0.07556621, -0.4319707, -0.4255022, -0.1304152, 0.2993165, 0.1757028, 0.2620744, 0.06937183, -0.8912252, -0.753939
 69596980, -0.122752, 0.008060051, -0.9551745, -0.8238599, -0.1376076, 0.2380539, 2.110182, 2.307309, -0.03499806, 0.03874518, -0.4470084, -0.4369844, -0.1384004, 0.2911365, 0.1447774, 0.2810024, 0.06426691, -0.8916768, -0.7842864
 69597010, -0.1250742, -0.02552527, -0.9540859, -0.8269468, -0.14248, 0.1683768, 2.113217, 2.170502, -0.04217898, 0.03542116, -0.5385624, -0.4448885, -0.1937981, 0.2372142, 0.01787911, 0.06827985, 0.04165523, -0.8915395, -0.7924955
 69597043, -0.1285878, -0.01181661, -0.9455661, -0.8353036, -0.1475025, 0.1117428, 2.127685, 2.142522, -0.03634063, 0.05372443, -0.5455312, -0.4533325, -0.1962963, 0.2353634, 0.04543661, 0.06806366, -0.0469346, -0.8902762, -0.8009956
 69597077, -0.1263787, -0.04386103, -0.9363186, -0.8622887, -0.1474214, 0.1046003, 2.144154, 2.13934, -0.02360723, 0.06273238, -0.5522034, -0.4509838, -0.1873439, 0.2300801, 0.08484706, 0.09769256, -0.04387304, -0.8800046, -0.7993339
 69597110, -0.1051084, -0.01840097, -0.921874, -0.8677858, -0.1365691, 0.1124602, 2.157358, 2.158627, -0.008232638, 0.07368602, -0.5400126, -0.4140558, -0.1950602, 0.2486787, 0.1260847, 0.1545196, -0.0379962, -0.8678555, -0.8001816
 69597142, -0.04722615, 0.008105546, -0.9064142, -0.8857015, -0.1194917, 0.0800993, 2.172451, 2.120663, 0.01480776, 0.07307234, -0.5124895, -0.4102804, -0.1911419, 0.2531987, 0.1567026, 0.1727008, -0.02874968, -0.8495443, -0.8083405
 69597180, -0.01795358, 0.0839536, -0.9074063, -0.898585, -0.1190844, 0.08152415, 2.172653, 2.122035, 0.0191409, 0.07206111, -0.4927024, -0.4113226, -0.1942116, 0.2541103, 0.2034333, 0.1801531, -0.01474066, -0.8431141, -0.8084612
 69597210, 0.08752693, 0.1397487, -0.9161276, -0.891767, -0.1026187, 0.08666496, 2.177812, 2.122834, 0.0674324, 0.1115078, -0.4733939, -0.4096911, -0.1922985, 0.2576544, 0.2087806, 0.1801349, 0.005840173, -0.8507112, -0.8093997
 69597242, 0.1390554, 0.1661943, -0.9208907, -0.9035158, -0.08271903, 0.1592942, 2.174182, 2.175997, 0.06131537, 0.1168691, -0.47163, -0.4194099, -0.1919171, 0.2581867, 0.2082056, 0.1608406, 0.02517955, -0.8464408, -0.8161715
 69597279, 0.09586319, 0.1581323, -0.8179681, -0.860423, -0.06027999, 0.1780276, 2.160857, 2.178335, 0.07945737, 0.15521, -0.4680164, -0.4149888, -0.1874227, 0.2710432, 0.1805758, 0.118414, 0.04971587, -0.7723552, -0.8120395
 69597315, 0.1073674, 0.2024734, -0.8218697, -0.902227, -0.04732144, 0.2078452, 2.155433, 2.198168, 0.08829226, 0.1613945, -0.4769053, -0.4196319, -0.1736602, 0.2742506, 0.1453209, 0.0989594, 0.07850178, -0.7755509, -0.8103414
 69597356, 0.07187141, 0.2017611, -0.8073047, -0.93923, -0.09822209, 0.2070748, 2.187671, 2.179319, 0.05683185, 0.1510321, -0.4592123, -0.5182607, -0.1642912, 0.276544, 0.1510727, 0.04440839, 0.09572283, -0.7578579, -0.8903198
 69597391, 0.08113611, 0.2024289, -0.8315892, -0.9409914, -0.07213796, 0.1982635, 2.13085, 2.157125, 0.06110843, 0.1522505, -0.4862575, -0.539266, -0.1542053, 0.2786089, 0.07126307, -0.01053583, 0.09737404, -0.784903, -0.8911212
 69597427, 0.1284962, 0.205577, -0.851627, -0.9437066, -0.04633338, 0.2015567, 2.087977, 2.157736, 0.06426473, 0.1525231, -0.4782507, -0.5445746, -0.1368619, 0.276864, -0.02996545, -0.01254303, 0.1072524, -0.7768964, -0.8914779
 69597457, 0.1092593, 0.2056488, -0.8258463, -0.9444086, -0.07327753, 0.2003346, 2.15503, 2.157779, 0.04470116, 0.1503407, -0.4752865, -0.5497708, -0.1610785, 0.2741681, 0.04185496, -0.008718858, 0.1164614, -0.7505101, -0.8920262
 69597485, 0.0996573, 0.2049685, -0.8309447, -0.9447708, -0.06744179, 0.2134669, 2.150579, 2.17122, 0.06831761, 0.1444648, -0.4875813, -0.5726473, -0.148945, 0.2647715, 0.06815542, 0.01715237, 0.1176814, -0.7862269, -0.8921753
 69597520, 0.1167147, 0.2114705, -0.8654841, -0.9364201, -0.06497306, 0.2154368, 2.162119, 2.190578, 0.05579422, 0.1419628, -0.4939414, -0.5739064, -0.1802849, 0.2547313, 0.10278, 0.06585866, 0.1220869, -0.8182037, -0.881449
 69597550, 0.1369166, 0.2077545, -0.9209542, -0.9260426, -0.07157156, 0.2088541, 2.171512, 2.199574, 0.03776031, 0.1272329, -0.4924213, -0.5477366, -0.1952938, 0.2564341, 0.1548771, 0.09893452, 0.1147856, -0.861196, -0.8652235
 69597586, 0.08013484, 0.1822863, -0.9133627, -0.9162344, -0.06977704, 0.1981105, 2.16652, 2.207563, 0.007595701, 0.1243121, -0.4915908, -0.5150285, -0.2094658, 0.2486706, 0.1807076, 0.1346699, 0.1030162, -0.8568009, -0.8604689
 69597617, -0.007594517, 0.1303328, -0.9053416, -0.9050018, -0.09932067, 0.1999425, 2.167332, 2.22352, -0.01847091, 0.1053795, -0.4886692, -0.4907586, -0.2099242, 0.2446806, 0.1943638, 0.1766462, 0.08723319, -0.8459116, -0.8435267
 69597651, -0.08195022, 0.06115699, -0.9056023, -0.9003767, -0.1023201, 0.1928617, 2.165972, 2.224187, -0.04895999, 0.08588687, -0.4753269, -0.4696846, -0.2119333, 0.243378, 0.1946349, 0.194615, 0.06207931, -0.8466907, -0.8402314
 69597687, -0.1435666, -0.003058999, -0.9121793, -0.9105749, -0.1195156, 0.1912239, 2.157575, 2.228467, -0.05877115, 0.04913815, -0.4722266, -0.4573453, -0.2165419, 0.2359808, 0.1915162, 0.2111696, 0.04574753, -0.8555818, -0.8528598
 69597735, -0.1641436, -0.06452745, -0.9191722, -0.9263437, -0.1563524, 0.1616193, 2.174739, 2.197795, -0.05919548, 0.04434992, -0.4729382, -0.456726, -0.2202665, 0.2136017, 0.1828417, 0.2062458, 0.01307253, -0.8693485, -0.864911
 69597803, -0.1756862, -0.05785219, -0.9287817, -0.8299899, -0.1776082, 0.1465545, 2.138908, 2.184945, -0.08158423, 0.06113082, -0.4957543, -0.3901314, -0.2115969, 0.2293741, 0.05115259, 0.2023206, -0.01627312, -0.8614059, -0.7686518
 69597861, -0.1778716, -0.08363919, -0.9379823, -0.9110839, -0.2024382, 0.1763057, 2.161655, 2.20504, -0.08336008, 0.002770307, -0.5035778, -0.4676717, -0.1747072, 0.2167432, 0.05528696, 0.1952029, -0.0275217, -0.8692216, -0.8363042
 69597896, -0.1770724, -0.07362248, -0.9425241, -0.9166861, -0.1947573, 0.1578683, 2.109893, 2.187322, -0.08440261, -0.003629283, -0.515052, -0.4753316, -0.1491586, 0.1904881, 0.0625723, 0.200505, -0.0374219, -0.8739743, -0.8434606
 69597925, -0.1741557, -0.0814368, -0.9445618, -0.9170616, -0.203585, 0.1473113, 2.129806, 2.170298, -0.08301095, -0.004976572, -0.5242891, -0.4819372, -0.2195114, 0.1740192, -0.01156687, 0.1550174, -0.05018777, -0.8765428, -0.8490371
 69597969, -0.1755606, -0.1155077, -0.9412299, -0.907026, -0.2073851, 0.08191761, 2.140719, 2.121628, -0.08169426, -0.005548614, -0.5238054, -0.4816396, -0.2120009, 0.2016839, 0.02488868, 0.04426143, -0.05709257, -0.8741558, -0.8502189
 69598022, -0.1553316, -0.05333918, -0.9175183, -0.8578213, -0.1842622, 0.070539, 2.143519, 2.157804, -0.04921297, 0.01454261, -0.5286553, -0.4199299, -0.2178661, 0.2119122, 0.1238556, 0.1406249, -0.05920267, -0.8637352, -0.8049653
 69598058, -0.1161168, -0.04892261, -0.9035593, -0.8419815, -0.1761624, 0.09997606, 2.142236, 2.164489, -0.03882416, 0.01330252, -0.5246397, -0.4020572, -0.2170249, 0.2137696, 0.1466481, 0.1552739, -0.05467515, -0.8442182, -0.7915481
 69598089, -0.03074368, 0.008463038, -0.9059215, -0.8481243, -0.1522552, 0.1140148, 2.145143, 2.181955, -0.005751998, 0.008033264, -0.5013227, -0.4034528, -0.2159379, 0.2301647, 0.1672941, 0.1860483, -0.04396303, -0.8316782, -0.7964486
 69598120, 0.02818235, 0.04133393, -0.9000725, -0.8838348, -0.145116, 0.1087182, 2.140872, 2.166951, -0.0006716177, 0.008494693, -0.4933226, -0.4063291, -0.2158993, 0.2311166, 0.1851485, 0.1830879, -0.02489801, -0.8384395, -0.7939006
 69598152, 0.07607206, 0.1247123, -0.9097071, -0.886262, -0.1427231, 0.1421698, 2.138199, 2.180162, 0.03996772, 0.01178386, -0.4842045, -0.4167336, -0.2149446, 0.2339902, 0.1831059, 0.162282, 0.007203158, -0.8417705, -0.8044546
 69598183, 0.0701904, 0.1267647, -0.9130563, -0.8644943, -0.1389275, 0.1769423, 2.138445, 2.19141, -0.02059612, 0.02220249, -0.4952289, -0.4315143, -0.2048701, 0.2380692, 0.1687874, 0.1208176, 0.02978795, -0.8386118, -0.816752
 69598216, 0.04430456, 0.1627907, -0.881516, -0.9235536, -0.1109436, 0.1842767, 2.118364, 2.188731, 0.01345944, 0.09118131, -0.4982444, -0.5162328, -0.194162, 0.243328, 0.1636909, 0.08101311, 0.05930257, -0.8348386, -0.8605956
 69598253, 0.03866239, 0.1656191, -0.8881149, -0.9176996, -0.115816, 0.2080961, 2.094777, 2.193025, 0.02204945, 0.09538724, -0.4866923, -0.5133572, -0.1772281, 0.2415178, 0.1546545, 0.04446059, 0.0837125, -0.838919, -0.8624833
 69598284, 0.04624594, 0.1464882, -0.8731855, -0.9344804, -0.1252072, 0.2058805, 2.095346, 2.165375, -0.04661039, 0.09491456, -0.4380544, -0.525669, -0.1804857, 0.2444608, 0.1192238, -0.001235064, 0.09757128, -0.829117, -0.8755746
 69598316, 0.05623074, 0.159593, -0.9102767, -0.9393141, -0.1284723, 0.1905643, 2.090788, 2.128937, -0.04871762, 0.0966974, -0.4782362, -0.5357152, -0.1880967, 0.2383943, 0.06120616, -0.01903924, 0.1044167, -0.8693984, -0.8770977
 69598354, 0.0805584, 0.17881, -0.8941671, -0.9353731, -0.1246193, 0.1895632, 2.084971, 2.131213, 0.04373821, 0.1096264, -0.4974835, -0.5604265, -0.1936853, 0.2380635, 0.04953393, -0.02007608, 0.1062871, -0.8487166, -0.8772439
 69598386, 0.07403237, 0.1856222, -0.8977264, -0.9297427, -0.09891934, 0.1914599, 2.067933, 2.134353, 0.04179239, 0.1152754, -0.5066535, -0.5593199, -0.1914183, 0.2405568, 0.05022624, -0.005575982, 0.1119845, -0.8506117, -0.8735542
 69598419, 0.09476601, 0.181051, -0.925604, -0.9090747, -0.09504762, 0.1982846, 2.101937, 2.153013, 0.02451387, 0.1269123, -0.5000443, -0.5303013, -0.2060702, 0.2369624, 0.09956615, 0.03921777, 0.1221839, -0.8726195, -0.8576267
 69598451, 0.06883951, 0.1760295, -0.9271396, -0.9042849, -0.07487053, 0.2133588, 2.117495, 2.168654, -0.007500213, 0.1213939, -0.4857407, -0.5225967, -0.2006352, 0.2371487, 0.1349953, 0.08301662, 0.1164488, -0.8632985, -0.8549107
 69598484, 0.05180869, 0.1529505, -0.9077709, -0.8949244, -0.06116866, 0.1921474, 2.124759, 2.165267, -0.009774422, 0.08742458, -0.4851222, -0.517359, -0.212357, 0.2371462, 0.1766898, 0.1427026, 0.09975673, -0.8484384, -0.8509904
 69598520, 0.01530321, 0.08717176, -0.9036644, -0.9008605, -0.06240888, 0.2015426, 2.120948, 2.204316, -0.01016718, 0.07750502, -0.4839934, -0.4798848, -0.2081071, 0.2451049, 0.1918225, 0.1781095, 0.08728001, -0.8430293, -0.8393635
 69598552, -0.007304504, 0.0362171, -0.8951529, -0.8939763, -0.06348864, 0.1998279, 2.122202, 2.201929, -0.01117528, 0.07759157, -0.4685633, -0.4605618, -0.2079828, 0.2493725, 0.2036242, 0.2068361, 0.07337156, -0.8282318, -0.8200424
 69598589, -0.06252859, -0.0142151, -0.9032888, -0.8961143, -0.07758589, 0.1868647, 2.130655, 2.171398, -0.01263498, 0.07853696, -0.4669213, -0.454385, -0.2084387, 0.2455024, 0.2034102, 0.212721, 0.05920121, -0.8358462, -0.8290117
 69598622, -0.08358143, -0.02042699, -0.914916, -0.849834, -0.1085444, 0.1850334, 2.14696, 2.169988, -0.01923046, 0.1001518, -0.4692357, -0.4195164, -0.2067103, 0.2489682, 0.2003231, 0.2047994, 0.04382436, -0.8586633, -0.7737591
 69598657, -0.08854493, -0.02692842, -0.9336832, -0.902512, -0.1285982, 0.2029362, 2.155146, 2.194032, -0.02949203, 0.09446545, -0.4800645, -0.4595472, -0.1999785, 0.2489799, 0.1789866, 0.1980869, 0.02142511, -0.8793223, -0.8264359
 69598688, -0.1352864, -0.01681558, -0.9263313, -0.8183452, -0.1526767, 0.2003464, 2.143139, 2.168562, -0.06016848, 0.09041277, -0.4871174, -0.3853924, -0.1871109, 0.2563663, 0.08974215, 0.1310369, 0.01367032, -0.8575749, -0.7693424
 69598719, -0.1342454, 0.02745078, -0.93108, -0.8225611, -0.1496331, 0.2151595, 2.136408, 2.143319, -0.05877968, 0.02294201, -0.4958743, -0.4795243, -0.1865862, 0.260093, 0.05155805, 0.07937405, 0.004783267, -0.8629784, -0.7704725
 69598757, -0.1367708, 0.07959131, -0.9484314, -0.7733632, -0.150917, 0.1963224, 2.13383, 2.106922, -0.04783662, 0.08124114, -0.5385351, -0.4218049, -0.187098, 0.2611101, 0.03820535, 0.06287673, 0.01908897, -0.8830054, -0.712752
 69598794, -0.1406408, 0.007507049, -0.9529979, -0.8240378, -0.1544395, 0.1970499, 2.118747, 2.107186, -0.04329314, 0.07707436, -0.5414296, -0.4637622, -0.1782591, 0.2596924, -0.009301089, 0.05694035, -0.008927493, -0.893259, -0.7547082
 69598829, -0.1409677, -0.008931663, -0.9524688, -0.8319383, -0.16654, 0.1851175, 2.109377, 2.102721, -0.03897251, 0.05807759, -0.5439507, -0.4704081, -0.1762842, 0.2600389, 0.005822795, 0.05494627, -0.006234684, -0.8941595, -0.7613531
 69598858, -0.1402444, -0.01928997, -0.9519835, -0.8287791, -0.1696285, 0.1732052, 2.120145, 2.102203, -0.03249079, 0.06091039, -0.5499151, -0.4697462, -0.1746716, 0.2600409, 0.03346675, 0.05612092, -0.007180065, -0.8934189, -0.75083
 69598901, -0.1303449, 0.01804345, -0.9407158, -0.8050247, -0.164579, 0.1535851, 2.169895, 2.137446, -0.01958179, 0.07680482, -0.5511716, -0.4342228, -0.1745151, 0.2668721, 0.08665995, 0.1097159, -0.01245966, -0.8859596, -0.7333082
 69598952, -0.05675776, 0.05349907, -0.8988628, -0.7745306, -0.1307436, 0.1291194, 2.138487, 2.143692, 0.03766908, 0.1113862, -0.5160812, -0.3880408, -0.1813716, 0.2741643, 0.1552462, 0.1801741, -0.009942108, -0.8498787, -0.6976045
 69598984, 0.002814646, 0.0640467, -0.9054124, -0.8515564, -0.1254874, 0.1326398, 2.135712, 2.144471, 0.0522273, 0.1110144, -0.5106362, -0.3847199, -0.1801693, 0.2738865, 0.1656047, 0.1798076, -0.005687027, -0.8418797, -0.7713293
 69599016, 0.103352, 0.1496746, -0.9082412, -0.8531049, -0.1295307, 0.1507595, 2.178596, 2.145648, 0.08027443, 0.1113756, -0.4754033, -0.3848819, -0.1766314, 0.2679019, 0.1875108, 0.1652728, 0.0161662, -0.84535, -0.7691318
 69599056, 0.1303966, 0.2214393, -0.9197345, -0.8927519, -0.121945, 0.1834952, 2.15782, 2.15409, 0.07691403, 0.1615898, -0.4733502, -0.4152662, -0.1729313, 0.2715703, 0.1911231, 0.160752, 0.03654486, -0.8761588, -0.812931
 69599084, 0.1463109, 0.2079006, -0.9016375, -0.8616201, -0.1421605, 0.2379927, 2.188054, 2.18323, 0.07516443, 0.152115, -0.4735851, -0.4192821, -0.1622458, 0.2845179, 0.1734478, 0.1230894, 0.06614102, -0.87696, -0.8135235
 69599117, 0.2018642, 0.2380453, -0.9077499, -0.8695166, -0.1562166, 0.2808903, 2.186406, 2.204338, 0.07844388, 0.1064592, -0.4880098, -0.4423939, -0.1511635, 0.2876113, 0.1525087, 0.07647583, 0.09434228, -0.8437886, -0.8173503
 69599151, 0.199049, 0.2653125, -0.903705, -0.9487833, -0.1505773, 0.2701052, 2.179908, 2.181016, 0.1309005, 0.1800482, -0.5279508, -0.5243706, -0.1425791, 0.2887688, 0.1266532, 0.04034729, 0.1084043, -0.8412953, -0.8850734
 69599190, 0.133662, 0.2362366, -0.8825714, -0.8696938, -0.09358613, 0.2775704, 2.110009, 2.182624, 0.05955261, 0.1098043, -0.4418149, -0.4383448, -0.1329727, 0.2904888, 0.1105699, 0.02909157, 0.1184084, -0.8362823, -0.8100756
 69599222, 0.1264412, 0.261973, -0.8868455, -0.9543151, -0.09418539, 0.277436, 2.112249, 2.181446, 0.0573079, 0.1781768, -0.4455568, -0.5478608, -0.1053915, 0.2932281, 0.1050076, 0.02181777, 0.1218359, -0.8409211, -0.8931034
 69599254, 0.1374828, 0.2627781, -0.8930161, -0.954132, -0.09068534, 0.279561, 2.11136, 2.179865, 0.05986698, 0.1760271, -0.4545773, -0.5509473, -0.1376224, 0.2903029, 0.08633061, 0.01499284, 0.1261681, -0.8502842, -0.892971
 69599286, 0.1809052, 0.2670964, -0.9054582, -0.9493279, -0.07438941, 0.2366575, 2.124183, 2.161836, 0.1056007, 0.1748803, -0.5052851, -0.5693692, -0.2045289, 0.2844107, 0.07483441, 0.02671108, 0.1326333, -0.8415212, -0.8865615
 69599324, 0.1530813, 0.2646872, -0.8595986, -0.9368206, -0.08896647, 0.2406147, 2.194304, 2.18718, 0.06981246, 0.15246, -0.4592927, -0.5691085, -0.2152399, 0.2769205, 0.1302145, 0.06610537, 0.1223047, -0.792917, -0.8811626
 69599355, 0.1099767, 0.2249858, -0.8470376, -0.9198081, -0.03566769, 0.2147263, 2.126417, 2.189425, 0.06646936, 0.1242847, -0.4602549, -0.5390114, -0.179157, 0.2647535, 0.1500044, 0.1104598, 0.1108703, -0.7874334, -0.8538396
 69599393, 0.08260241, 0.1613132, -0.8599893, -0.9099523, -0.03680732, 0.2108391, 2.128268, 2.199579, 0.05553851, 0.09778713, -0.4529883, -0.5073212, -0.1836547, 0.2502126, 0.166499, 0.1413765, 0.09849866, -0.781382, -0.8500949
 69599428, 0.03174594, 0.1039329, -0.9113617, -0.9138737, -0.04294248, 0.200374, 2.134401, 2.198312, 0.02849943, 0.08002476, -0.4940858, -0.486275, -0.1830549, 0.2348705, 0.1740783, 0.1864152, 0.08000767, -0.8481709, -0.848564
 69599462, -0.05672736, 0.01014563, -0.9120569, -0.9020687, -0.04684294, 0.1954609, 2.134503, 2.203916, 0.0174814, 0.08243682, -0.4883486, -0.4684051, -0.1844059, 0.2336781, 0.1747356, 0.2350549, 0.05116444, -0.8483964, -0.8594807
 69599488, -0.1224582, -0.004772492, -0.9289634, -0.8875933, -0.06976551, 0.1980133, 2.125172, 2.261765, -0.008169866, 0.08335791, -0.4769991, -0.4413892, -0.1842931, 0.227916, 0.1365752, 0.2793015, 0.03589825, -0.8715991, -0.8570992
 69599522, -0.120247, 0.005889826, -0.9427953, -0.8783137, -0.1095052, 0.2507806, 2.147886, 2.363498, -0.02392764, 0.1006089, -0.4415942, -0.3931629, -0.1874477, 0.3180273, 0.1195484, 0.3883927, 0.01947603, -0.8893575, -0.8380219
 69599551, -0.1366315, 0.1019719, -0.9463012, -0.9108453, -0.1235306, 0.2518195, 2.141777, 2.368036, -0.03446756, 0.07927617, -0.4021996, -0.3886639, -0.1594294, 0.3176264, 0.1517557, 0.3888149, 0.005518168, -0.8935987, -0.8703775
 69599583, -0.1393624, 0.0841325, -0.9492605, -0.9306555, -0.1680794, 0.2438701, 2.196178, 2.373945, -0.04117378, 0.06544735, -0.3987855, -0.3949891, -0.1349311, 0.293003, 0.2201716, 0.3339423, -0.01209808, -0.8931195, -0.8898649
 69599617, -0.1484504, 0.01889817, -0.9549401, -0.8427637, -0.1773989, 0.2302875, 2.20425, 2.362983, -0.05007286, 0.02577423, -0.4070157, -0.3957611, -0.1346861, 0.2607907, 0.2056302, 0.336261, -0.04008709, -0.8930242, -0.7932274
 69599650, -0.1478967, 0.0127281, -0.956867, -0.8600906, -0.1967623, 0.2158819, 2.213214, 2.342266, -0.05604723, 0.02091245, -0.4371915, -0.4118747, -0.1498526, 0.2275725, 0.1480945, 0.3498546, -0.04801007, -0.8940656, -0.8093457
 69599682, -0.1514742, 0.01457504, -0.9559813, -0.8733038, -0.1680943, 0.2001008, 2.116756, 2.321988, -0.06006709, 0.01718067, -0.4757306, -0.4256681, -0.1838962, 0.1902138, 0.08979768, 0.3100625, -0.05237607, -0.8926868, -0.8239616
 69599715, -0.1499287, -0.04347483, -0.9524553, -0.8593369, -0.1885268, 0.1727887, 2.144398, 2.219506, -0.06418841, 0.01173714, -0.5357471, -0.4526771, -0.2284508, 0.2046257, 0.04318753, 0.06611462, -0.06082518, -0.8904353, -0.7915352
 69599751, -0.1467143, -0.0237006, -0.9443834, -0.8172464, -0.1875508, 0.08798197, 2.149537, 2.179466, -0.06226503, 0.010073, -0.5359257, -0.4604525, -0.2213998, 0.1998932, 0.05995265, 0.07241379, -0.06590844, -0.8865854, -0.7394049
 69599782, -0.1432129, 0.01543512, -0.9359226, -0.8090709, -0.184664, 0.07530881, 2.151483, 2.174357, -0.03784682, 0.01969855, -0.5375181, -0.4657074, -0.2234385, 0.203372, 0.1105213, 0.1338787, -0.06824079, -0.8813983, -0.7391227
 69599818, -0.09064656, 0.03589401, -0.921625, -0.8236737, -0.1762628, 0.07418565, 2.174735, 2.173903, -0.02350434, 0.03757657, -0.5327928, -0.470661, -0.2204906, 0.2022702, 0.1313922, 0.1534223, -0.06974213, -0.8722498, -0.7492459
 69599847, -0.01152118, 0.06179655, -0.9127538, -0.8498635, -0.1737933, 0.09072456, 2.182197, 2.18517, -0.006285168, 0.04371008, -0.5200448, -0.4760043, -0.2184867, 0.2031983, 0.1426708, 0.1582021, -0.06652555, -0.8546619, -0.7787614
 69599880, 0.07026207, 0.1143619, -0.9118518, -0.9185957, -0.1763716, 0.1156305, 2.213669, 2.200189, 0.04768026, 0.06088131, -0.5056871, -0.4972096, -0.2368194, 0.2062286, 0.1588745, 0.1622883, -0.06071584, -0.8561559, -0.8367308
 69599914, 0.1013599, 0.1435751, -0.9042244, -0.917836, -0.1545816, 0.1334447, 2.176023, 2.205431, 0.04743966, 0.07009336, -0.5024891, -0.4974531, -0.237445, 0.217061, 0.1619756, 0.1564942, -0.05085348, -0.8515211, -0.8431674
 69599949, 0.08132987, 0.1666407, -0.8938419, -0.9316369, -0.1703871, 0.176964, 2.207337, 2.211768, 0.02663788, 0.09693563, -0.4959876, -0.5026054, -0.236036, 0.2337979, 0.1517642, 0.1329254, -0.03529233, -0.8403591, -0.8806565
 69599980, 0.09292727, 0.1671824, -0.8911372, -0.9411474, -0.1660762, 0.1815798, 2.197227, 2.193718, 0.05369827, 0.1153302, -0.4780369, -0.5186843, -0.2263616, 0.240725, 0.1387677, 0.09101336, -0.01260726, -0.8224084, -0.8805631
 69600017, 0.08660269, 0.1691504, -0.8903347, -0.9427035, -0.1582553, 0.2223779, 2.172109, 2.199176, 0.05575456, 0.1226294, -0.4755028, -0.547255, -0.2277761, 0.2459174, 0.09859094, 0.07006845, 0.001227605, -0.8198743, -0.8819572
 69600050, 0.08084753, 0.1649516, -0.8839791, -0.9460018, -0.1657411, 0.2187717, 2.18766, 2.184316, 0.04998795, 0.1164262, -0.4707601, -0.5566438, -0.2235406, 0.2504874, 0.07951191, 0.04475382, 0.01642762, -0.8151316, -0.8841619
 69600079, 0.001657078, 0.1623562, -0.8629847, -0.9479091, -0.1633402, 0.2119089, 2.184823, 2.17917, 0.0447617, 0.1129961, -0.4773983, -0.5603877, -0.2213823, 0.2538691, 0.06693213, 0.02985322, 0.02377827, -0.8217697, -0.8863811
 69600115, 0.06386837, 0.1627475, -0.879209, -0.9480051, -0.158978, 0.2138706, 2.174723, 2.187043, 0.0323588, 0.1106405, -0.4722001, -0.5626543, -0.2106541, 0.2510599, 0.05040437, 0.02637922, 0.03005993, -0.8165716, -0.8867128
 69600148, 0.08898169, 0.1652367, -0.8909044, -0.9477694, -0.1231416, 0.1760009, 2.166733, 2.194326, 0.02443126, 0.1028786, -0.4706093, -0.5572487, -0.2055241, 0.2407459, 0.05511577, 0.04667141, 0.03680687, -0.8183665, -0.8869705
 69600178, 0.08359602, 0.1740957, -0.8582539, -0.9429473, -0.1303401, 0.1755704, 2.201677, 2.213692, 0.01400707, 0.09364459, -0.4627015, -0.560406, -0.2013093, 0.2276178, 0.1146481, 0.08130908, 0.03907261, -0.7808186, -0.8801254
 69600215, 0.07871045, 0.1545695, -0.8587317, -0.9265776, -0.1261312, 0.1762026, 2.186134, 2.227729, 0.002221842, 0.06877726, -0.4634864, -0.5385025, -0.2027862, 0.2197682, 0.125406, 0.1037452, 0.03638319, -0.7807552, -0.849876
 69600247, 0.04719437, 0.1053981, -0.9167784, -0.9131281, -0.1378504, 0.1377007, 2.21488, 2.231859, -0.00051864, 0.05345144, -0.4643518, -0.5213817, -0.2322985, 0.2088991, 0.1825983, 0.1551507, 0.02587849, -0.8626688, -0.8504463
 69600278, -0.01608097, 0.01551626, -0.9194848, -0.9173375, -0.1380729, 0.138924, 2.212433, 2.237763, 0.0011472, 0.004572138, -0.466176, -0.4729972, -0.2292138, 0.2070039, 0.1891055, 0.1959143, 0.01787125, -0.8639007, -0.8520626
 69600324, -0.07422543, -0.03171635, -0.9216554, -0.9158512, -0.1422398, 0.1541424, 2.213518, 2.290018, 0.002354147, -0.007358573, -0.4724727, -0.4573097, -0.2305302, 0.2017116, 0.1905552, 0.2064677, 0.00332299, -0.8600706, -0.8519192
 69600355, -0.1396757, -0.09541174, -0.9277593, -0.9129658, -0.1781056, 0.1726251, 2.230065, 2.33735, -0.06168312, -0.0102719, -0.4796337, -0.4483001, -0.2325938, 0.1698907, 0.1880086, 0.2847589, -0.01202969, -0.8730952, -0.8712501
 69600391, -0.1413897, -0.07225275, -0.9418432, -0.8824262, -0.1992705, 0.188544, 2.236686, 2.370944, -0.06455597, -0.01213924, -0.4768733, -0.4208009, -0.2318256, 0.1920498, 0.1211084, 0.2862546, -0.02441701, -0.8875594, -0.8221309
 69600428, -0.1456971, -0.07810745, -0.9355574, -0.8821874, -0.213174, 0.1844745, 2.267338, 2.361005, -0.06877832, -0.01095067, -0.424592, -0.3968793, -0.2172993, 0.204227, 0.1306204, 0.3306794, -0.02588637, -0.8879992, -0.8220555
 69600462, -0.1448125, 0.01093113, -0.9415973, -0.8202003, -0.2152111, 0.1908882, 2.258627, 2.369416, -0.08028834, -0.02001823, -0.4409782, -0.4136626, -0.1922969, 0.2002041, 0.1250725, 0.3013459, -0.03603629, -0.8881565, -0.7866699
 69600493, -0.1454907, 0.008875892, -0.9453993, -0.8126541, -0.2203201, 0.2080113, 2.262098, 2.378289, -0.08621313, -0.02676918, -0.4624606, -0.4373662, -0.179431, 0.2554803, 0.1098389, 0.2727552, -0.05589473, -0.8885404, -0.7813987
 69600524, -0.1471415, 0.01152854, -0.9491783, -0.8730504, -0.2268583, 0.2148283, 2.23237, 2.36236, -0.08547044, 0.0166185, -0.5131314, -0.4265961, -0.1717588, 0.2933197, 0.07134894, 0.250902, -0.051752, -0.8893634, -0.8281244
 69600567, -0.1492167, -0.005944585, -0.9517719, -0.8259783, -0.2278346, 0.1300678, 2.245339, 2.213764, -0.09052503, 0.01760385, -0.5439285, -0.4280822, -0.2382198, 0.1929329, -0.00693492, 0.0574764, -0.07535031, -0.8898523, -0.787641
 69600597, -0.1512722, -0.04488903, -0.9524534, -0.8566654, -0.2256935, 0.1086635, 2.258287, 2.209209, -0.0876765, -0.01719249, -0.5558475, -0.5063238, -0.2362135, 0.1948864, 0.0242037, 0.05838052, -0.07923007, -0.8897499, -0.8007374
 69600633, -0.1513202, -0.03594788, -0.9495292, -0.8381671, -0.2158613, 0.06431976, 2.264146, 2.212564, -0.08368924, -0.0135862, -0.5542126, -0.4829744, -0.2368001, 0.1900404, 0.07771882, 0.08136027, -0.0864065, -0.8878248, -0.7762364
 69600672, -0.1360606, -0.02197281, -0.9382815, -0.8494765, -0.2123689, 0.06755273, 2.235114, 2.23533, -0.06844483, -0.002608265, -0.5384306, -0.4872697, -0.2270703, 0.1989726, 0.08271813, 0.1410913, -0.08584827, -0.8856077, -0.780635
 69600709, -0.1215068, 0.03071702, -0.9242814, -0.8242508, -0.1961048, 0.0134128, 2.229293, 2.189739, -0.05747749, 0.05589449, -0.528128, -0.4678792, -0.230201, 0.1991251, 0.1411004, 0.1514888, -0.07719017, -0.8661976, -0.7612958
 69600775, 0.006753247, 0.06837547, -0.9078048, -0.8484948, -0.1769789, 0.07736477, 2.224176, 2.242344, 0.005784698, 0.0564347, -0.4873215, -0.4680813, -0.2391564, 0.2034469, 0.1861015, 0.1676054, -0.05248437, -0.8587517, -0.7614958
 69600848, 0.1341437, 0.1563476, -0.9362043, -0.9220291, -0.1777973, 0.1302997, 2.227353, 2.274806, 0.04530123, 0.07809282, -0.4638119, -0.4855628, -0.2259042, 0.2107984, 0.1928324, 0.1448743, -0.01513847, -0.8900661, -0.8617234
 69600899, 0.1150302, 0.1614548, -0.9304161, -0.9295956, -0.1800981, 0.1664928, 2.23766, 2.287626, 0.03915, 0.1081455, -0.4731352, -0.5112714, -0.2058827, 0.2168003, 0.2303147, 0.05835976, 0.03327814, -0.8482391, -0.854451
 69600935, 0.08133154, 0.1604995, -0.8464763, -0.9072064, -0.1915464, 0.1658425, 2.247186, 2.261506, -0.05280941, 0.1105431, -0.4173431, -0.531462, -0.2062764, 0.2165894, 0.1745901, -0.004775398, 0.05125967, -0.7851151, -0.8553884
 69600965, 0.1186268, 0.1611035, -0.9166091, -0.9100895, -0.1911577, 0.1548744, 2.247808, 2.225489, 0.01130974, 0.1074862, -0.4531248, -0.5383821, -0.2045569, 0.2177757, 0.1708038, -0.03461793, 0.05463651, -0.8251233, -0.8577275
 69601002, 0.08782544, 0.1557596, -0.8795176, -0.9108843, -0.179526, 0.1981596, 2.227836, 2.268732, -0.04620249, 0.1071819, -0.4496641, -0.5456584, -0.1975613, 0.2170945, 0.1330514, -0.0177309, 0.06562863, -0.8157648, -0.8581309
 69601030, 0.09467135, 0.1649733, -0.8769444, -0.9081408, -0.1735411, 0.1971743, 2.201468, 2.284041, -0.04791687, 0.1036251, -0.4572456, -0.5602339, -0.2050894, 0.218125, 0.07410634, 0.001679878, 0.06750773, -0.8218352, -0.8597461
 69601056, 0.1149479, 0.1797864, -0.9400747, -0.9067306, -0.1248779, 0.1638017, 2.182192, 2.28034, 0.02130374, 0.09777975, -0.4795719, -0.5750498, -0.2012421, 0.2231714, 0.0737983, 0.03356792, 0.07505443, -0.8567413, -0.8640009
 69601089, 0.1069244, 0.164035, -0.9287483, -0.9066758, -0.09998239, 0.1712149, 2.22928, 2.303258, 0.01060008, 0.07814215, -0.4741805, -0.5514069, -0.2178619, 0.2199474, 0.1256987, 0.08591396, 0.07171866, -0.862323, -0.8650792
 69601118, 0.09544481, 0.1328765, -0.9237511, -0.9189395, -0.09569853, 0.1693789, 2.231347, 2.310603, 0.002342948, 0.05578558, -0.4821634, -0.5272633, -0.2266158, 0.2183649, 0.1628723, 0.1049749, 0.06092198, -0.8706936, -0.8531903
 69601152, 0.007495502, 0.07336282, -0.9149927, -0.9080732, -0.09955302, 0.1444018, 2.239507, 2.308909, -0.00976349, 0.03582773, -0.474281, -0.5054987, -0.2368846, 0.2142685, 0.1858598, 0.1572167, 0.05579708, -0.8528371, -0.8472949
 69601187, -0.0509019, 0.008691769, -0.913571, -0.9098793, -0.09919505, 0.1460679, 2.239451, 2.314159, -0.03452629, -0.002431788, -0.479634, -0.469227, -0.2381944, 0.2149319, 0.187921, 0.2038235, 0.03327827, -0.8500831, -0.8489133
 69601220, -0.1045105, -0.03892113, -0.9191777, -0.9156694, -0.1049631, 0.1718023, 2.248538, 2.385391, -0.0396316, 0.01534668, -0.4755531, -0.4473627, -0.2425255, 0.2122116, 0.1901274, 0.2182724, 0.02285623, -0.8613164, -0.8582997
 69601252, -0.1560757, -0.09267485, -0.9349854, -0.9037256, -0.128056, 0.1539853, 2.246323, 2.354396, -0.060063, 0.01310971, -0.4701703, -0.4366707, -0.2443651, 0.2181204, 0.189664, 0.2679945, 0.01307143, -0.8812286, -0.8586293
 69601289, -0.1451902, -0.09249745, -0.9292129, -0.9038581, -0.1931862, 0.1905374, 2.284068, 2.42308, -0.07903127, 0.01901831, -0.4654365, -0.4194526, -0.24747, 0.2103492, 0.1573571, 0.2685213, 0.005730032, -0.894252, -0.8597037
 69601321, -0.1603103, -0.1042941, -0.9374547, -0.9162288, -0.1780431, 0.1910359, 2.249591, 2.403289, -0.08936566, 0.02133904, -0.4508883, -0.4017078, -0.2423367, 0.2116185, 0.09382181, 0.2841602, 0.0162072, -0.8927851, -0.8791283
 69601353, -0.1603419, -0.004193712, -0.9396644, -0.8244759, -0.1970557, 0.1850961, 2.262076, 2.386195, -0.09529772, -0.01309501, -0.448834, -0.3998112, -0.2057781, 0.209869, 0.1285671, 0.2990751, 0.01753195, -0.8939631, -0.7872121
 69601389, -0.1637021, -0.001311518, -0.9476042, -0.8253945, -0.205973, 0.1685046, 2.264419, 2.35834, -0.09486088, -0.02047712, -0.4549776, -0.4244262, -0.1995808, 0.1876071, 0.1097081, 0.2410929, -0.004127353, -0.8944235, -0.7874138
 69601422, -0.1628831, 0.01052958, -0.949516, -0.8203728, -0.2172282, 0.1571934, 2.255131, 2.333009, -0.09563278, -0.02468333, -0.4758479, -0.4386958, -0.1886093, 0.1842349, 0.1243913, 0.1816629, -0.006083304, -0.894939, -0.7860955
 69601455, -0.1610997, -0.002094844, -0.949307, -0.8119267, -0.2224951, 0.1539777, 2.244456, 2.316693, -0.1035553, -0.03164519, -0.5442294, -0.466136, -0.2502876, 0.1834265, -4.642177E-06, 0.150933, -0.06297497, -0.8957146, -0.7781504
 69601492, -0.1635619, -0.06838325, -0.9498211, -0.8410033, -0.2234452, 0.09913176, 2.263904, 2.275639, -0.1003345, -0.02530381, -0.5465182, -0.4653251, -0.2502404, 0.1860772, 0.04495666, 0.0653373, -0.06701338, -0.8957675, -0.776509
 69601522, -0.1689843, -0.04567085, -0.9490703, -0.8337824, -0.2147941, 0.08409787, 2.272472, 2.266527, -0.09109694, 0.003405135, -0.549181, -0.4602409, -0.2471322, 0.18386, 0.0813102, 0.08740714, -0.07604104, -0.8897828, -0.7706426
 69601553, -0.1685588, -0.04133163, -0.9326984, -0.8182878, -0.1987125, 0.0598376, 2.273139, 2.261666, -0.07612795, 0.006550641, -0.5457904, -0.4435384, -0.2487197, 0.1886716, 0.1204912, 0.134846, -0.07511634, -0.8752814, -0.7538542
 69601587, -0.1171669, -0.01717676, -0.9170595, -0.7941439, -0.1825668, 0.05352167, 2.267847, 2.259454, -0.05780672, 0.02245218, -0.5304708, -0.409181, -0.2477114, 0.1882045, 0.1436713, 0.1584154, -0.0731177, -0.869434, -0.7195168
 69601621, -0.1062897, 0.02766041, -0.910412, -0.7541553, -0.1702955, 0.05783465, 2.26805, 2.259553, -0.03658386, 0.02122305, -0.5138935, -0.4091302, -0.2480205, 0.1894613, 0.165469, 0.1639815, -0.06713409, -0.8568513, -0.7194595
 69601652, -0.01949492, 0.02851731, -0.9094531, -0.7536997, -0.1629849, 0.08191622, 2.265823, 2.277075, -0.03064402, 0.02125949, -0.5010078, -0.4086816, -0.2529775, 0.1918227, 0.1803583, 0.1664366, -0.05280714, -0.8521075, -0.7190051
 69601687, 0.05432428, 0.05132372, -0.9070585, -0.7636914, -0.1293839, 0.09089716, 2.262748, 2.26321, -0.02564126, 0.04638499, -0.4943877, -0.4187353, -0.2396882, 0.196548, 0.1834709, 0.1639773, -0.0317032, -0.8667565, -0.7290325
 69601720, 0.0985226, 0.0725244, -0.9362293, -0.7651398, -0.1202459, 0.1459557, 2.255637, 2.310092, -0.02618447, 0.07795215, -0.4895496, -0.4199248, -0.2281899, 0.2027023, 0.1845289, 0.1440112, 0.0006047268, -0.886497, -0.7302202
 69601756, 0.05125549, 0.131177, -0.8317027, -0.8429666, -0.1096823, 0.1513951, 2.232522, 2.287977, -0.05673825, 0.07408004, -0.3972415, -0.506038, -0.2215084, 0.2097011, 0.1871293, 0.08912539, 0.02574556, -0.7806553, -0.7959231
 69601791, 0.06380096, 0.1363821, -0.8313586, -0.8646928, -0.1697883, 0.1767393, 2.295437, 2.311483, -0.05707474, 0.07831851, -0.4015442, -0.5287428, -0.2213922, 0.2119475, 0.1379179, 0.04262984, 0.04467423, -0.781002, -0.8186294
 69601827, 0.06289209, 0.13244, -0.8511629, -0.9004946, -0.1895216, 0.180597, 2.301863, 2.286001, -0.06716949, 0.08304076, -0.4220327, -0.5273913, -0.197663, 0.2078825, 0.1565667, -0.00769162, 0.06842682, -0.7970804, -0.8172789
 69601865, 0.06864253, 0.1296027, -0.86813, -0.8936175, -0.1662082, 0.1520295, 2.258593, 2.247882, -0.05949451, 0.08350263, -0.4361155, -0.5266758, -0.2109057, 0.2095891, 0.112993, -0.03721925, 0.06788427, -0.8091877, -0.8165643
 69601895, 0.08976013, 0.1492161, -0.9043595, -0.8629118, -0.1584845, 0.1496011, 2.239501, 2.243419, -0.05511237, 0.08308475, -0.4808996, -0.5281141, -0.2109623, 0.2081837, 0.04228911, -0.04241757, 0.07256754, -0.8505099, -0.8180032
 69601920, 0.1169393, 0.17263, -0.8932595, -0.8979841, -0.1343043, 0.1734594, 2.240473, 2.288141, -0.05239167, 0.08612672, -0.4857414, -0.5680288, -0.2120772, 0.2087626, 0.04489665, 0.001123786, 0.07408559, -0.8479097, -0.857918
 69601955, 0.1116716, 0.1226236, -0.8874992, -0.9226216, -0.1230351, 0.1555548, 2.233619, 2.273182, -0.05716193, 0.07294695, -0.4795018, -0.5523514, -0.2117212, 0.205041, 0.05513328, 0.0150089, 0.07713429, -0.842184, -0.8422408
 69601992, 0.08332406, 0.1366741, -0.8350319, -0.8869141, -0.1161419, 0.1475708, 2.260802, 2.294615, -0.09391455, 0.05185928, -0.427885, -0.5568811, -0.2160416, 0.2051624, 0.125331, 0.07363641, 0.07614003, -0.7931316, -0.8467718
 69602021, 0.09315966, 0.1044909, -0.9274086, -0.9130648, -0.1077119, 0.1437956, 2.245851, 2.308024, -0.06152486, 0.02765202, -0.4755208, -0.542543, -0.2076116, 0.2009924, 0.1270613, 0.1089246, 0.06451306, -0.8613834, -0.8273592
 69602062, 0.03223672, 0.07031753, -0.9169405, -0.8741738, -0.1541723, 0.1443816, 2.289769, 2.321795, -0.06231514, -0.002078444, -0.4730518, -0.5040856, -0.2556596, 0.1953949, 0.1928183, 0.1620112, 0.05362106, -0.8510079, -0.7854813
 69602092, -0.04637566, 0.03360051, -0.91732, -0.8266735, -0.1385356, 0.1426272, 2.269702, 2.325597, -0.05928433, -0.008353069, -0.4754747, -0.4534181, -0.251727, 0.1948835, 0.1930081, 0.1874909, 0.04342805, -0.8447661, -0.7406058
 69602126, -0.1169495, 0.01656545, -0.9181523, -0.8171232, -0.1389263, 0.1402121, 2.264099, 2.338479, -0.06432039, -0.01061615, -0.4752179, -0.4520839, -0.2517859, 0.1918167, 0.1914639, 0.2526758, 0.02046839, -0.8605321, -0.7387021
 69602160, -0.1734625, 0.05485854, -0.9391841, -0.7535478, -0.1619098, 0.1866152, 2.272866, 2.410215, -0.07711966, 0.04302391, -0.4726759, -0.405282, -0.2584664, 0.2487372, 0.1950139, 0.346595, 0.001653042, -0.8865799, -0.6910311
 69602194, -0.1673494, 0.06314162, -0.9376072, -0.7401585, -0.2011731, 0.1859937, 2.276904, 2.412802, -0.09238106, 0.0513809, -0.4720457, -0.3920345, -0.2688245, 0.285009, 0.1602599, 0.2817615, -0.0196443, -0.8863413, -0.6777817
 69602226, -0.1751056, 0.05747089, -0.9432605, -0.7554346, -0.1893256, 0.1623677, 2.213214, 2.33428, -0.1075344, 0.04392964, -0.4538079, -0.4078776, -0.2635671, 0.2081487, 0.08325791, 0.2789378, -0.004308313, -0.8877238, -0.6936236
 69602260, -0.1747466, 0.06119744, -0.9436426, -0.7403105, -0.2216268, 0.1793818, 2.260848, 2.423856, -0.1109236, 0.04849858, -0.4611917, -0.3917931, -0.2597127, 0.2034987, 0.04075691, 0.2880211, -0.006632868, -0.8894926, -0.6775379
 69602292, -0.1747865, 0.000178352, -0.9436373, -0.7524363, -0.2318654, 0.1493708, 2.248857, 2.385255, -0.1116873, -0.02186565, -0.4726106, -0.3972238, -0.266681, 0.1472388, -0.01086354, 0.4173776, -0.02332769, -0.8902428, -0.6829671
 69602324, -0.1734871, 0.08837296, -0.9444313, -0.7513744, -0.272204, 0.1366256, 2.273727, 2.348912, -0.1145173, -0.03486353, -0.4980274, -0.4334308, -0.2670021, 0.140215, -0.01259909, 0.380959, -0.05262922, -0.8926723, -0.7191728
 69602358, -0.173461, 0.07119495, -0.9453529, -0.7859041, -0.2601335, 0.1008342, 2.277628, 2.327721, -0.1201785, -0.04575359, -0.5415964, -0.4657758, -0.2695904, 0.0448554, 0.005774986, 0.3474837, -0.08249114, -0.8931551, -0.7515165
 69602389, -0.1755286, -0.02936482, -0.9453076, -0.8146416, -0.2736025, 0.0782656, 2.295052, 2.276124, -0.1193871, -0.04742997, -0.542227, -0.4670551, -0.272276, 0.1755003, 0.03997257, 0.08143131, -0.08312277, -0.8922611, -0.7527944
 69602424, -0.1815739, -0.03081163, -0.942283, -0.8217155, -0.2450897, 0.05872502, 2.296916, 2.271958, -0.1157073, -0.04797876, -0.5440907, -0.4739316, -0.2751944, 0.1777079, 0.0755465, 0.09137605, -0.08697982, -0.889696, -0.7596692
 69602456, -0.1889362, -0.02135424, -0.9378431, -0.8111504, -0.2308126, 0.06230649, 2.299762, 2.284793, -0.09625189, -0.0363984, -0.5453991, -0.4616277, -0.2784863, 0.1892216, 0.1272273, 0.1361092, -0.08709851, -0.880263, -0.747363
 69602487, -0.1550432, 0.02078848, -0.9207276, -0.7711904, -0.2262166, 0.06314778, 2.298169, 2.280193, -0.07586415, -0.02342077, -0.5270327, -0.4320143, -0.2733666, 0.1876345, 0.1344989, 0.1611648, -0.08681011, -0.8656896, -0.7023315
 69602520, -0.1251386, 0.03595781, -0.9116274, -0.781965, -0.2165353, 0.06145607, 2.303513, 2.272736, -0.05124934, -0.02234471, -0.5055844, -0.4302755, -0.2726315, 0.1943572, 0.1706682, 0.1784408, -0.07685311, -0.8568232, -0.7012668
 69602552, -0.03796745, 0.09444031, -0.913616, -0.7705808, -0.2073398, 0.06928352, 2.300218, 2.272826, -0.0325002, 0.03382485, -0.4952052, -0.4166559, -0.2729478, 0.1946277, 0.1809216, 0.1801245, -0.06654084, -0.8545597, -0.6894175
 69602584, 0.06182139, 0.1253692, -0.9224098, -0.7889687, -0.2032162, 0.1285887, 2.30464, 2.298464, -0.006955862, 0.03972492, -0.4881199, -0.4280282, -0.2706428, 0.1972304, 0.1883862, 0.1794798, -0.05232228, -0.8724313, -0.7007877
 69602617, 0.1141014, 0.1360625, -0.918327, -0.7908626, -0.1937107, 0.1358127, 2.301798, 2.295086, -0.007540293, 0.04182763, -0.4887811, -0.4280459, -0.2658526, 0.2040392, 0.1857058, 0.1461327, -0.02863766, -0.8834391, -0.7008039
 69602652, 0.1136479, 0.1680011, -0.9610791, -0.8838691, -0.1909481, 0.1778007, 2.292462, 2.313526, 0.009248517, 0.0741003, -0.4961772, -0.4485185, -0.2511089, 0.2077645, 0.1740266, 0.1129423, -0.005451701, -0.8998016, -0.842755
 69602685, 0.1058347, 0.1819777, -0.9412704, -0.9382342, -0.1854893, 0.1827867, 2.268903, 2.322809, 0.02485839, 0.1204351, -0.4994307, -0.5211117, -0.2364801, 0.2101552, 0.1233649, 0.08249788, 0.007471084, -0.8785598, -0.8709709
 69602717, 0.1025058, 0.1826438, -0.9455152, -0.9384995, -0.1773943, 0.1809414, 2.2446, 2.298935, 0.02927949, 0.1190178, -0.5022745, -0.5234903, -0.2309872, 0.210536, 0.07857321, 0.02401877, 0.03239051, -0.8804967, -0.8747184
 69602753, 0.07881688, 0.1594893, -0.8853657, -0.9436721, -0.180292, 0.1300326, 2.248338, 2.192359, -0.05729285, 0.1099739, -0.4587343, -0.5267593, -0.2259994, 0.2039567, 0.07694001, -0.042447, 0.03703421, -0.8294353, -0.8792018
 69602784, 0.1038895, 0.1639081, -0.9480127, -0.9439865, -0.1735489, 0.1835427, 2.233314, 2.271276, -0.05973843, 0.1061713, -0.5116705, -0.5436381, -0.2348028, 0.2041245, 0.04429777, -0.0192899, 0.04671907, -0.8819907, -0.8808294
 69602817, 0.1020796, 0.1668432, -0.9256809, -0.9426831, -0.1655858, 0.1642094, 2.228523, 2.262954, -0.05247485, 0.104394, -0.511767, -0.5476474, -0.2366855, 0.2035094, 0.03672429, -0.01402587, 0.04860867, -0.8798182, -0.8807003
 69602852, 0.1051537, 0.1700933, -0.9505673, -0.9405162, -0.1314912, 0.1563658, 2.219616, 2.280288, 0.01918471, 0.1006073, -0.5180647, -0.5475048, -0.2377305, 0.2072389, 0.04513567, 0.01407985, 0.04865951, -0.8887677, -0.8775799
 69602884, 0.1059733, 0.1690804, -0.9347169, -0.9356526, -0.1487194, 0.1537027, 2.270023, 2.29615, -0.004969778, 0.08523567, -0.4755633, -0.5536515, -0.2626567, 0.1990569, 0.1119485, 0.05724009, 0.0478679, -0.8500115, -0.8745011
 69602916, 0.09873538, 0.1600202, -0.9120331, -0.9323196, -0.1176288, 0.1461452, 2.261459, 2.31923, -0.02762399, 0.05425714, -0.4743599, -0.5434811, -0.2578114, 0.1924084, 0.1397683, 0.1131046, 0.03290728, -0.8491285, -0.8698971
 69602953, 0.05003873, 0.09613542, -0.916398, -0.9091057, -0.133077, 0.1466235, 2.288896, 2.332283, -0.0661929, 0.01853094, -0.4770763, -0.5170645, -0.2796028, 0.192779, 0.1763783, 0.1523124, 0.01851196, -0.8599705, -0.8553415
 69602985, -0.02479783, 0.03374214, -0.9072308, -0.89843, -0.1332057, 0.1395223, 2.288559, 2.331126, -0.06805886, 0.01054475, -0.4794334, -0.4739187, -0.2714257, 0.1797469, 0.1895856, 0.2039959, -0.01584134, -0.848909, -0.8337877
 69603022, -0.1108037, -0.005205616, -0.9123178, -0.8487616, -0.1334643, 0.1215554, 2.287431, 2.320949, -0.07837761, -0.001846675, -0.4742895, -0.4652606, -0.2716175, 0.1778554, 0.1919425, 0.2153049, -0.03109985, -0.8483227, -0.7607211
 69603055, -0.1809673, -0.09435011, -0.9174885, -0.9093887, -0.1341992, 0.1160138, 2.284428, 2.322461, -0.1045562, -0.0009520724, -0.4658461, -0.4502109, -0.2741413, 0.1617823, 0.1912756, 0.2260707, -0.05888772, -0.8637411, -0.8526442
 69603086, -0.251079, -0.1167767, -0.93321, -0.8973691, -0.1363924, 0.1446854, 2.266866, 2.412029, -0.1128907, -0.0101304, -0.460723, -0.4448393, -0.2730959, 0.176503, 0.1587294, 0.2210518, -0.05942262, -0.8783602, -0.8496577
 69603122, -0.257477, -0.1456907, -0.937212, -0.9343185, -0.1359333, 0.1386677, 2.240011, 2.38966, -0.1467778, -0.01223697, -0.4181242, -0.4116735, -0.2730783, 0.1507426, 0.09923455, 0.2198579, -0.06822211, -0.8717341, -0.8678525
 69603156, -0.2622276, -0.1222244, -0.93229, -0.9300346, -0.176303, 0.1308683, 2.265623, 2.37088, -0.1690151, -0.07382073, -0.4133868, -0.4072969, -0.2450766, 0.136484, 0.1368919, 0.2366907, -0.09153756, -0.8570541, -0.8682065
 69603191, -0.2620153, -0.1108105, -0.9354141, -0.925921, -0.1910805, 0.1147524, 2.256513, 2.361008, -0.1702208, -0.08545224, -0.4164706, -0.4230981, -0.2172407, 0.1089914, 0.1471711, 0.2868868, -0.1135353, -0.8709651, -0.8624482
 69603224, -0.2623717, -0.09219002, -0.9384189, -0.918179, -0.1917337, 0.1277111, 2.278827, 2.451572, -0.1798336, -0.09910654, -0.4713037, -0.4649369, -0.2016378, 0.1263108, 0.1092713, 0.3070248, -0.07192846, -0.873825, -0.862583
 69603254, -0.2609984, -0.0901979, -0.9417464, -0.9193811, -0.2397543, 0.1041121, 2.256915, 2.427741, -0.1875822, -0.1073294, -0.5140115, -0.5095717, -0.2062251, 0.1266307, 0.111664, 0.3085496, -0.05649545, -0.8774863, -0.8623387
 69603288, -0.2608553, -0.1257458, -0.9460736, -0.9337465, -0.2158716, 0.1187461, 2.298676, 2.411682, -0.1843501, -0.1034771, -0.5120473, -0.5074237, -0.3267127, 0.1207999, 0.02756682, 0.2357288, -0.1402428, -0.8813072, -0.8640319
 69603324, -0.261758, -0.1526394, -0.9441678, -0.9222184, -0.2744013, 0.05017818, 2.267007, 2.234173, -0.1833724, -0.08627332, -0.5102226, -0.5065969, -0.3178091, 0.1292543, 0.03427699, 0.05630568, -0.1463367, -0.8795578, -0.8605396
 69603355, -0.2638063, -0.1437802, -0.9413837, -0.9075019, -0.2675415, 0.005395889, 2.257084, 2.256191, -0.1914704, -0.07318391, -0.5145943, -0.502315, -0.3126576, 0.1409211, 0.07621881, 0.09029907, -0.1506203, -0.8767089, -0.8515109
 69603387, -0.2625937, -0.1518835, -0.9381728, -0.9237348, -0.277411, 0.006910816, 2.29121, 2.256283, -0.185899, -0.05722424, -0.5163875, -0.4925337, -0.3197167, 0.1380545, 0.1112712, 0.1261124, -0.1548663, -0.8759359, -0.840161
 69603429, -0.2162886, -0.1114065, -0.91421, -0.9069439, -0.2590301, 0.01134751, 2.256712, 2.257009, -0.1444456, -0.033996, -0.5207875, -0.4906084, -0.3161104, 0.1548632, 0.1399309, 0.1750288, -0.1535619, -0.854177, -0.8417223
 69603470, -0.155534, -0.05009207, -0.9131719, -0.9130236, -0.2596399, 0.04049703, 2.262678, 2.257391, -0.1026578, -0.02414501, -0.51329, -0.5014851, -0.320221, 0.1455599, 0.1610765, 0.185274, -0.1486494, -0.8603737, -0.8544764
 69603505, -0.08767809, 0.01478315, -0.9063646, -0.8965054, -0.2366233, 0.04764682, 2.248844, 2.253294, -0.1000644, -0.01326134, -0.5043194, -0.495327, -0.3229394, 0.1468599, 0.1673481, 0.1857931, -0.143303, -0.8582648, -0.8300967
 69603542, -0.008616139, 0.0642662, -0.9166251, -0.9096302, -0.2254763, 0.09993836, 2.249213, 2.244728, -0.1006185, 0.0002293582, -0.5011797, -0.4942239, -0.3239695, 0.1499549, 0.1721093, 0.1844023, -0.1341533, -0.8611654, -0.8486054
 69603589, 0.04256442, 0.1258524, -0.915729, -0.9359139, -0.1985211, 0.1487004, 2.247166, 2.234096, -0.01873334, 0.05667407, -0.4746466, -0.507997, -0.3027306, 0.168499, 0.1595902, 0.1124548, -0.08199197, -0.8650678, -0.8766719
 69603625, 0.0496383, 0.1330982, -0.9493032, -0.9289726, -0.2046653, 0.1718457, 2.243497, 2.222117, -0.01551017, 0.08799788, -0.4988802, -0.5290994, -0.2915496, 0.1652812, 0.1322344, 0.06270583, -0.0649498, -0.8832544, -0.8754226
 69603656, 0.0499721, 0.1471243, -0.9522949, -0.939875, -0.208064, 0.1711487, 2.238502, 2.221208, -0.008271938, 0.08266702, -0.5125307, -0.5366405, -0.2695955, 0.1740361, 0.09693971, 0.03409374, -0.05240494, -0.8874129, -0.8753569
 69603689, 0.04996298, 0.1444466, -0.9531083, -0.9413061, -0.2044094, 0.1829239, 2.224692, 2.224933, -0.003641044, 0.08152641, -0.5116346, -0.5465091, -0.2710777, 0.172312, 0.04646064, 0.01792247, -0.03304904, -0.8878525, -0.8778815
 69603722, 0.05086111, 0.1411031, -0.9538683, -0.9405206, -0.1940413, 0.1800109, 2.197192, 2.228603, -0.004601273, 0.07842822, -0.5162126, -0.5528582, -0.2601755, 0.162495, 0.02868108, 0.006112609, -0.02351855, -0.888248, -0.8774648
 69603754, 0.04989658, 0.1406012, -0.9519524, -0.9368158, -0.1852615, 0.1850807, 2.202018, 2.240697, -0.01129953, 0.0638947, -0.5123613, -0.5481547, -0.2608102, 0.1602371, 0.0324576, 0.01808775, -0.01572091, -0.8868486, -0.8766989
 69603783, 0.04958412, 0.1374848, -0.9440828, -0.9351228, -0.1799522, 0.1614583, 2.230457, 2.269353, -0.03339028, 0.06052848, -0.5002805, -0.5480552, -0.2791315, 0.1491479, 0.09012705, 0.06291277, -0.007343109, -0.8792701, -0.8749981
 69603819, 0.04624074, 0.1296819, -0.9301698, -0.934568, -0.2000399, 0.1254783, 2.266474, 2.259596, -0.0632242, 0.0485788, -0.4646394, -0.5455928, -0.3152431, 0.1471021, 0.1606583, 0.1066074, 0.00115666, -0.8464254, -0.8742893
 69603851, 0.04610779, 0.1030904, -0.9275165, -0.9265845, -0.1963334, 0.1206068, 2.268357, 2.299857, -0.07242202, 0.001790507, -0.4660108, -0.5259543, -0.3147573, 0.1456493, 0.1913812, 0.1349053, 0.005636628, -0.8514167, -0.862465
 69603883, -0.02783209, 0.03834316, -0.9188133, -0.9132894, -0.2165707, 0.1146842, 2.274878, 2.300682, -0.08840095, -0.006868452, -0.4735924, -0.5037552, -0.3391482, 0.1357054, 0.2347799, 0.1647864, -0.001490816, -0.8622603, -0.8538333
 69603919, -0.08029047, -0.01922305, -0.9154394, -0.9152154, -0.2536631, 0.1109963, 2.29097, 2.330847, -0.09031062, -0.03819711, -0.4842026, -0.4948088, -0.3451338, 0.1328023, 0.2543684, 0.1758481, -0.007278508, -0.8586546, -0.8541839
 69603951, -0.1539879, -0.08478788, -0.9179726, -0.9099476, -0.2530618, 0.1120319, 2.279737, 2.3461, -0.09590473, -0.03862761, -0.4840256, -0.4918903, -0.3446991, 0.1338324, 0.2499285, 0.1954287, -0.01796605, -0.8554395, -0.8506595
 69603984, -0.182075, -0.1037791, -0.9196216, -0.9058465, -0.2554743, 0.09123221, 2.271698, 2.309771, -0.1099162, -0.03970164, -0.4863547, -0.4908465, -0.3454273, 0.1325214, 0.2349498, 0.1895787, -0.03175148, -0.8651881, -0.8498675
 69604020, -0.2285879, -0.1421061, -0.9350215, -0.9094535, -0.2857602, 0.09472691, 2.2608, 2.317546, -0.1504574, -0.03568674, -0.5031212, -0.4983701, -0.3499287, 0.131797, 0.1869849, 0.1702522, -0.04686511, -0.875771, -0.8342735
 69604053, -0.2424567, -0.1612307, -0.9386647, -0.9359412, -0.2887871, 0.111976, 2.237104, 2.326952, -0.1812071, -0.09165863, -0.5110468, -0.5023544, -0.346913, 0.1322134, 0.1329311, 0.1342187, -0.07206296, -0.8776124, -0.8611742
 69604083, -0.2418384, -0.1437765, -0.9370224, -0.8865474, -0.3063582, 0.1073846, 2.224556, 2.274393, -0.1866755, -0.04074017, -0.5107782, -0.4539597, -0.3478884, 0.1366508, 0.07675027, 0.04363341, -0.07340892, -0.8763518, -0.8371021
 69604127, -0.2457838, -0.1576802, -0.939913, -0.9331387, -0.308801, 0.1131548, 2.193098, 2.265025, -0.1787867, -0.09988216, -0.5142856, -0.506101, -0.3315637, 0.1333192, 0.01068468, 0.02847813, -0.08313084, -0.8716617, -0.8624459
 69604159, -0.2442285, -0.1576585, -0.9425619, -0.9348065, -0.3150138, 0.1095896, 2.191692, 2.243904, -0.1711565, -0.1008884, -0.5273322, -0.5181519, -0.3154859, 0.1372071, -0.04704635, -0.004132015, -0.09065609, -0.873929, -0.866818
 69604191, -0.2414934, -0.147453, -0.9426308, -0.92656, -0.3143242, 0.1072051, 2.191382, 2.235479, -0.1689746, -0.1004475, -0.5302104, -0.5241378, -0.313323, 0.1371778, -0.04834218, -0.004047756, -0.09613511, -0.8738737, -0.867349
 69604226, -0.2419412, -0.1498071, -0.9441328, -0.9242865, -0.2987435, 0.09351382, 2.210377, 2.213531, -0.1635415, -0.09004498, -0.5349267, -0.5240641, -0.3142655, 0.1385718, -0.03682775, 0.0006144748, -0.1001303, -0.8750446, -0.8662682
 69604257, -0.2415807, -0.1535194, -0.9447197, -0.9203518, -0.2851903, 0.1012657, 2.232318, 2.254519, -0.1581158, -0.06487847, -0.5304899, -0.5131259, -0.3152945, 0.1467235, 0.01488415, 0.06246496, -0.1127242, -0.8760271, -0.8668496
 69604295, -0.2431825, -0.1372912, -0.942732, -0.9042277, -0.267953, 0.08179137, 2.250641, 2.2532, -0.1795088, -0.04842905, -0.5197064, -0.5005151, -0.3098073, 0.1413349, 0.05654564, 0.0814899, -0.1268523, -0.8740844, -0.8541352
 69604326, -0.2331699, -0.1364226, -0.9385566, -0.9222322, -0.2603361, 0.08171601, 2.272999, 2.27806, -0.1466848, -0.0332812, -0.5231645, -0.4703898, -0.3057905, 0.1463376, 0.107751, 0.1291563, -0.1269437, -0.8751698, -0.8419586
 69604358, -0.194819, -0.0884715, -0.920768, -0.9138767, -0.252556, 0.08138578, 2.296922, 2.286531, -0.1297124, -0.01883906, -0.5204304, -0.4923959, -0.3144591, 0.152225, 0.1460861, 0.1600186, -0.1275561, -0.8602656, -0.8427644
 69604400, -0.141401, -0.03962728, -0.9075065, -0.9120493, -0.2449594, 0.08345926, 2.305046, 2.288638, -0.09571694, -0.005006119, -0.5009668, -0.4993481, -0.3002585, 0.1644006, 0.1720513, 0.1799035, -0.1183246, -0.8507788, -0.8474982
 69604430, -0.07954722, 0.03509959, -0.9119907, -0.9087439, -0.2272277, 0.08382828, 2.300398, 2.288305, -0.08753473, 0.02049406, -0.4891128, -0.4861206, -0.2954355, 0.1669053, 0.1950215, 0.1808629, -0.09649797, -0.8608795, -0.8377387
 69604467, -0.03512373, 0.08259218, -0.9296274, -0.9191286, -0.2213041, 0.08698402, 2.302931, 2.282112, -0.05793189, 0.03349495, -0.4807177, -0.4835077, -0.2913293, 0.1730172, 0.1976904, 0.1774744, -0.07567009, -0.8748915, -0.8556879
 69604502, 0.01234815, 0.120487, -0.91011, -0.9330079, -0.2168391, 0.1348595, 2.304927, 2.307811, -0.02627062, 0.0415379, -0.4660181, -0.4852242, -0.2884393, 0.1941841, 0.1956539, 0.1137202, -0.04571243, -0.8545291, -0.8703138
 69604534, 0.008723488, 0.1201186, -0.9113589, -0.9296726, -0.2070183, 0.1659693, 2.303992, 2.324626, -0.02331902, 0.05038967, -0.4663006, -0.4928158, -0.2700139, 0.19161, 0.2073208, 0.09361527, -0.01455367, -0.8548152, -0.8732703
 69604565, 0.02578849, 0.1207902, -0.921747, -0.9333665, -0.2050914, 0.1791584, 2.29463, 2.310739, -0.0108863, 0.06013889, -0.4779103, -0.5186571, -0.2618856, 0.1894374, 0.1377822, 0.04314942, 0.005895355, -0.8664286, -0.8769001
 69604602, 0.07566684, 0.1167924, -0.9384553, -0.9388036, -0.2151139, 0.1792549, 2.308106, 2.300788, -0.01304282, 0.06275518, -0.4744788, -0.5246091, -0.2505938, 0.1947855, 0.09662047, 0.02214786, 0.02324011, -0.8630009, -0.8886045
 69604631, 0.03903129, 0.1135958, -0.9217737, -0.9403439, -0.21388, 0.1777669, 2.27511, 2.281114, -0.008252002, 0.06796155, -0.4751384, -0.5346073, -0.2340271, 0.1891737, 0.08332989, -0.02645883, 0.03901375, -0.8636642, -0.8905954
 69604662, 0.06551811, 0.1141471, -0.9384999, -0.9413767, -0.2145285, 0.1737118, 2.272111, 2.25537, 0.004079439, 0.06870564, -0.4992033, -0.535817, -0.2426302, 0.1872407, 0.0009148209, -0.03159826, 0.05041561, -0.8877327, -0.8916326
 69604696, 0.07171712, 0.1228662, -0.9446757, -0.9425965, -0.2146063, 0.1860096, 2.290239, 2.258411, 0.009671942, 0.07686242, -0.508216, -0.5358622, -0.244362, 0.1783859, 0.04274907, -0.04236329, 0.05255256, -0.8891304, -0.8908695
 69604725, 0.06358934, 0.1253588, -0.9541404, -0.9405926, -0.1974998, 0.1787907, 2.286297, 2.291543, 0.003992463, 0.06826899, -0.5107574, -0.5512301, -0.2491917, 0.1764909, 0.06324123, 0.008159286, 0.05969489, -0.887522, -0.8867157
 69604755, 0.05305371, 0.1249794, -0.9333363, -0.9389133, -0.1986424, 0.1743019, 2.317001, 2.303356, -0.01554632, 0.06015565, -0.4756918, -0.5420843, -0.2525844, 0.1789293, 0.11627, 0.05572835, 0.06183773, -0.8494111, -0.8834573
 69604795, 0.03434232, 0.1234766, -0.8785656, -0.9301437, -0.1902357, 0.1723189, 2.318125, 2.327804, -0.02218764, 0.05033466, -0.476105, -0.5342007, -0.2602109, 0.1834207, 0.163635, 0.08597787, 0.05613412, -0.7975907, -0.8713512
 69604830, 0.002127927, 0.07830235, -0.8994442, -0.9074713, -0.2070948, 0.1684628, 2.348145, 2.342789, -0.03968065, 0.03508442, -0.4736491, -0.5238423, -0.2936905, 0.1800638, 0.2408969, 0.110057, 0.05411693, -0.8437989, -0.8560706
 69604861, -0.04066931, 0.06059068, -0.9095125, -0.9085801, -0.2048408, 0.1613239, 2.34469, 2.362478, -0.05753229, 0.03028186, -0.4719181, -0.5021939, -0.2935993, 0.1818411, 0.2425813, 0.1399099, 0.03897808, -0.8529804, -0.8436527
 69604897, -0.08431648, 0.002956803, -0.9180986, -0.9159696, -0.2035734, 0.1624617, 2.342257, 2.366168, -0.09201194, 0.02804142, -0.4704942, -0.4586501, -0.2934136, 0.1893063, 0.2412043, 0.1771917, 0.03202065, -0.8545513, -0.8468271
 69604930, -0.159373, -0.08196753, -0.9216958, -0.9253594, -0.1926775, 0.1643159, 2.329263, 2.369181, -0.09494023, 0.01851596, -0.4697228, -0.4564687, -0.2823688, 0.1906885, 0.2004765, 0.1983475, 0.02043571, -0.866366, -0.8570474
 69604962, -0.180896, -0.08882003, -0.9245553, -0.9276282, -0.1826952, 0.1689171, 2.318685, 2.37726, -0.1047946, 0.001044236, -0.4699773, -0.4507751, -0.2844709, 0.1876956, 0.1932284, 0.2273461, -0.01116921, -0.8646656, -0.8637672
 69604998, -0.1923169, -0.0873589, -0.9264422, -0.9326345, -0.1994139, 0.1724987, 2.331032, 2.383289, -0.1213779, -0.004289001, -0.4683991, -0.4347554, -0.2876611, 0.1848307, 0.1717274, 0.2344304, -0.02238775, -0.8702301, -0.8634651
 69605031, -0.1957868, -0.05029856, -0.9283429, -0.911303, -0.1890226, 0.1753868, 2.297038, 2.3728, -0.1235342, 0.003244452, -0.4641516, -0.3976545, -0.2623452, 0.1956906, 0.07466829, 0.3008219, -0.03919322, -0.8684169, -0.8630232
 69605064, -0.196449, -0.09103894, -0.9292616, -0.9341206, -0.1984187, 0.1932091, 2.295684, 2.407821, -0.1208253, -0.008682534, -0.5030749, -0.4390362, -0.2527978, 0.2214684, 0.05414961, 0.3203075, -0.030422, -0.8741875, -0.8637556
 69605098, -0.1955016, -0.09178709, -0.9304873, -0.9347121, -0.207837, 0.1852723, 2.286369, 2.383582, -0.1141063, -0.01558082, -0.5060036, -0.4588504, -0.2002299, 0.2123311, 0.03660354, 0.2518869, -0.02622117, -0.8697594, -0.8658113
 69605128, -0.1948793, -0.09220613, -0.9320751, -0.9366595, -0.2064962, 0.1521235, 2.257817, 2.323781, -0.1138241, -0.02508304, -0.5094924, -0.4914704, -0.244226, 0.1581402, -0.04218511, 0.2173852, -0.06940219, -0.8707948, -0.8713365
 69605163, -0.1952682, -0.09415277, -0.9332677, -0.9365385, -0.2132817, 0.145935, 2.271107, 2.270098, -0.112976, -0.02866063, -0.5185287, -0.5136002, -0.2459549, 0.1958671, -0.02634986, 0.02514446, -0.07019234, -0.8751412, -0.8703145
 69605190, -0.1951028, -0.09498112, -0.9382341, -0.9346222, -0.2305714, 0.1092372, 2.286165, 2.265275, -0.1112959, -0.02380231, -0.5193299, -0.5150258, -0.2492645, 0.1882548, 0.01715274, 0.0414856, -0.07248171, -0.8756992, -0.8692229
 69605222, -0.1982716, -0.09479389, -0.9327384, -0.933193, -0.2270399, 0.08219165, 2.292549, 2.2626, -0.1161709, -0.004914326, -0.521881, -0.5021616, -0.2566007, 0.187024, 0.05645752, 0.06122974, -0.07021707, -0.8718343, -0.8636274
 69605257, -0.1948204, -0.09488596, -0.9243279, -0.9327408, -0.2266044, 0.07880267, 2.292844, 2.259035, -0.09447676, 0.005583712, -0.5149674, -0.48307, -0.2563451, 0.1931031, 0.09911343, 0.1261588, -0.07040375, -0.863067, -0.8580926
 69605292, -0.1403696, -0.06361331, -0.9306785, -0.9159328, -0.2283097, 0.07421721, 2.309684, 2.258661, -0.08370224, 0.01204742, -0.514279, -0.4797384, -0.2587272, 0.1951789, 0.1442378, 0.1382803, -0.06650807, -0.8697587, -0.8565812
 69605324, -0.08304343, -0.004126632, -0.9246899, -0.9114053, -0.2178234, 0.07391924, 2.297729, 2.257615, -0.03116537, 0.0261467, -0.5195168, -0.4779111, -0.2565739, 0.2012862, 0.1565399, 0.1570349, -0.05892076, -0.8661372, -0.8488286
 69605355, -0.03269259, 0.05622461, -0.9067537, -0.9060825, -0.2153829, 0.09258085, 2.292764, 2.259858, -0.02627518, 0.04082107, -0.509412, -0.4793247, -0.2558797, 0.2082499, 0.1814534, 0.1623258, -0.03875682, -0.8731494, -0.8506492
 69605391, 0.02452996, 0.1002609, -0.9200447, -0.9209191, -0.213794, 0.1195182, 2.287864, 2.265398, 0.01023796, 0.05976912, -0.5023268, -0.5014404, -0.2536141, 0.2129762, 0.1867418, 0.1571516, -0.02318358, -0.8901443, -0.8618093
 69605423, 0.06480618, 0.144937, -0.9167094, -0.9251774, -0.2120948, 0.1647341, 2.280018, 2.276153, 0.008474874, 0.07291075, -0.4759045, -0.5040273, -0.2470191, 0.2317016, 0.1877243, 0.1373214, 0.0116925, -0.8740172, -0.865413
 69605459, 0.08350524, 0.1667143, -0.9382215, -0.9426117, -0.2103072, 0.1830838, 2.255677, 2.259778, 0.01917083, 0.1098976, -0.4972439, -0.5140958, -0.2342366, 0.2407676, 0.1733527, 0.09052316, 0.04948464, -0.8892973, -0.8790187
 69605494, 0.07269626, 0.1722152, -0.9402643, -0.9376858, -0.203667, 0.224681, 2.228125, 2.267407, 0.03299751, 0.1176863, -0.4978643, -0.5166055, -0.2138875, 0.2459212, 0.1570566, 0.06288832, 0.06943417, -0.887091, -0.8748245
 69605529, 0.07695903, 0.1716072, -0.9452093, -0.9461871, -0.2000458, 0.228416, 2.197315, 2.251041, 0.04520555, 0.1131171, -0.5082346, -0.5234366, -0.2198581, 0.2460051, 0.07951833, 0.02255987, 0.093358, -0.890269, -0.8805342
 69605561, 0.1045788, 0.1714789, -0.9448587, -0.9491557, -0.2011502, 0.2185241, 2.186958, 2.219079, 0.0675097, 0.1111495, -0.5344576, -0.5306104, -0.2190926, 0.2446259, 0.0627712, -0.03938236, 0.1057924, -0.88959, -0.8831865
 69605591, 0.1053471, 0.1724453, -0.9442957, -0.9508863, -0.1931716, 0.2211292, 2.181461, 2.218622, 0.06576136, 0.111193, -0.5116884, -0.5454894, -0.2176634, 0.2446553, 0.0498523, -0.04525276, 0.1168732, -0.8840574, -0.8848625
 69605625, 0.08825015, 0.1730504, -0.956396, -0.9523855, -0.1757853, 0.2233404, 2.178998, 2.216834, 0.06399193, 0.1362008, -0.5163003, -0.5738684, -0.2187157, 0.2563716, 0.0498007, -0.05381648, 0.1177388, -0.8874376, -0.8856902
 69605660, 0.1110839, 0.1727913, -0.947212, -0.9512558, -0.1410767, 0.2300151, 2.182167, 2.210225, 0.0505686, 0.1344372, -0.5227115, -0.5679693, -0.2190717, 0.236652, 0.06463629, -0.04483611, 0.118875, -0.8891613, -0.8846321
 69605692, 0.07915929, 0.185063, -0.9501959, -0.9449857, -0.1075869, 0.2234745, 2.178809, 2.266943, 0.02239104, 0.1156736, -0.5113849, -0.5225093, -0.1948376, 0.2468852, 0.07367846, 0.04029195, 0.1179354, -0.8846352, -0.8807771
 69605723, 0.0816167, 0.1786744, -0.9489896, -0.932517, -0.11937, 0.219972, 2.240885, 2.283492, 0.008108323, 0.1026401, -0.5059675, -0.5264225, -0.2133704, 0.2446211, 0.1546761, 0.0670571, 0.1104525, -0.8843701, -0.8763009
 69605759, 0.08805269, 0.1536743, -0.9347488, -0.9301646, -0.1085626, 0.2116508, 2.247103, 2.302708, -0.01216902, 0.07017694, -0.4733973, -0.5141948, -0.2093679, 0.2436655, 0.1726761, 0.115968, 0.101439, -0.8679241, -0.8668433
 69605791, -0.01020761, 0.05761337, -0.9215786, -0.9223819, -0.1122191, 0.2059554, 2.266832, 2.31371, -0.01136084, 0.05441069, -0.4726911, -0.4870852, -0.2125979, 0.2290584, 0.2044728, 0.1629525, 0.08876879, -0.861425, -0.8562016
 69605824, -0.04487897, 0.01976233, -0.9142551, -0.9170964, -0.1118058, 0.2052859, 2.266264, 2.307645, -0.01074291, 0.04114081, -0.4722782, -0.4729396, -0.211095, 0.232741, 0.2052731, 0.1821162, 0.07384565, -0.8580918, -0.8641097
 69605860, -0.1056448, -0.06888312, -0.9260449, -0.9269224, -0.1503428, 0.1958366, 2.273432, 2.29652, -0.01062721, 0.008203626, -0.4770168, -0.4617755, -0.2065125, 0.2459572, 0.2002332, 0.2187184, 0.06122985, -0.8638424, -0.8673262
 69605892, -0.1177342, -0.0177651, -0.9319853, -0.8303457, -0.1469201, 0.2370804, 2.269043, 2.380298, -0.01501847, 0.005226031, -0.4822736, -0.4542777, -0.2048406, 0.2407164, 0.193325, 0.2354577, 0.04793037, -0.8722366, -0.7519109
 69605924, -0.1256013, -0.07459649, -0.9337205, -0.938706, -0.1357226, 0.2208325, 2.241986, 2.316216, -0.071522, -0.006212562, -0.4832988, -0.4544474, -0.1981526, 0.2413778, 0.09702889, 0.1648643, 0.03107744, -0.8706164, -0.8732653
 69605960, -0.1356352, -0.06480389, -0.9332433, -0.9396963, -0.1389395, 0.2138018, 2.239437, 2.27795, -0.08119859, 0.000834316, -0.5037394, -0.4885695, -0.1982792, 0.2441888, 0.08036157, 0.1829698, 0.02222777, -0.8697245, -0.8687426
 69605992, -0.1355955, -0.06698979, -0.9342477, -0.940257, -0.1475562, 0.2025169, 2.236288, 2.253082, -0.08311005, -0.006517828, -0.511037, -0.5147094, -0.1950647, 0.2348142, 0.03617725, 0.1808152, 0.009853411, -0.875448, -0.8708938
 69606024, -0.1352545, -0.06732837, -0.9374059, -0.9446265, -0.1524691, 0.2021914, 2.23026, 2.21513, -0.07702947, -0.002303853, -0.514927, -0.5121987, -0.1954651, 0.2439474, 0.02358583, 0.07174414, 0.002036217, -0.8797596, -0.8770657
 69606060, -0.1346409, -0.06789821, -0.9423649, -0.9471564, -0.1594389, 0.2004869, 2.221044, 2.214073, -0.07402004, 0.001951085, -0.5184042, -0.5125464, -0.196247, 0.2441368, 0.02149239, 0.06674901, 0.0014828, -0.8826711, -0.8789116
 69606091, -0.1370949, -0.06498743, -0.9413329, -0.9411923, -0.1604722, 0.180078, 2.212649, 2.205013, -0.07257302, 0.005152306, -0.5216646, -0.5142276, -0.1965715, 0.248281, 0.02152813, 0.04218172, 0.0004615815, -0.8799476, -0.8670252
 69606123, -0.1367341, -0.06498387, -0.9411599, -0.9414127, -0.1586161, 0.159433, 2.213184, 2.215718, -0.0639399, 0.01909313, -0.5340247, -0.5095424, -0.2063825, 0.2484804, 0.0504078, 0.05899224, -0.007043123, -0.8780454, -0.8685892
 69606159, -0.1365217, -0.06841201, -0.9383205, -0.9365059, -0.1464005, 0.1298507, 2.218056, 2.208727, -0.05513722, 0.0325295, -0.5359989, -0.5012331, -0.2025589, 0.239132, 0.08780117, 0.07860305, -0.01016413, -0.8743153, -0.8666309
 69606194, -0.1217827, -0.0510023, -0.9293056, -0.9193816, -0.1423818, 0.1407765, 2.229971, 2.23309, -0.02490876, 0.04540366, -0.5421535, -0.4771418, -0.2029399, 0.2442864, 0.1170252, 0.123897, -0.01221876, -0.8706865, -0.8590791
 69606228, -0.07398246, -0.01413307, -0.9142711, -0.9221361, -0.1196644, 0.1409469, 2.232815, 2.232805, -0.006018642, 0.05275962, -0.5300252, -0.4914508, -0.2011977, 0.2440115, 0.140842, 0.1481058, -0.00931922, -0.8645338, -0.8436887
 69606264, -0.01721176, 0.05084445, -0.9089746, -0.9084399, -0.07792074, 0.1440896, 2.205631, 2.229198, 0.005560283, 0.07808597, -0.5218171, -0.5076634, -0.1979911, 0.2448897, 0.1488414, 0.1487181, -0.001469123, -0.8545424, -0.8372568
 69606294, 0.07739529, 0.1428173, -0.9186803, -0.9174049, -0.07465909, 0.1934924, 2.205888, 2.239393, 0.01055588, 0.09154719, -0.5162831, -0.5063928, -0.1944683, 0.2494858, 0.153023, 0.148865, 0.01438479, -0.8588778, -0.8443968
 69606328, 0.09453426, 0.1599503, -0.9273338, -0.9243062, -0.06541794, 0.2094199, 2.20737, 2.244003, 0.04710224, 0.1086286, -0.4622816, -0.5093924, -0.187479, 0.2668763, 0.1568895, 0.1324484, 0.02278464, -0.8565583, -0.8683066
 69606363, 0.1212279, 0.2126041, -0.9266281, -0.9388447, -0.02339162, 0.2461325, 2.176611, 2.240197, 0.05291931, 0.1250027, -0.4867857, -0.5170423, -0.1669165, 0.2794458, 0.1313549, 0.08828022, 0.06103181, -0.871055, -0.8652394
 69606396, 0.1288572, 0.2148605, -0.9330369, -0.9379939, -0.01499264, 0.263928, 2.163773, 2.24604, 0.06357174, 0.1491261, -0.4948483, -0.5190855, -0.1540363, 0.2853666, 0.08171821, 0.06255916, 0.07740169, -0.8749039, -0.8740566
 69606427, 0.1248886, 0.2029854, -0.9485568, -0.9461083, -0.07228657, 0.2685311, 2.206397, 2.222925, 0.0695618, 0.1448783, -0.5022775, -0.5284474, -0.1460182, 0.2860129, 0.06553721, 0.02021036, 0.09193932, -0.8795765, -0.8779969
 69606465, 0.1236874, 0.202841, -0.9596452, -0.941592, -0.07838672, 0.271077, 2.200314, 2.203329, 0.1052828, 0.1460532, -0.5511097, -0.5367963, -0.1420244, 0.2845907, 0.06526572, -0.02955981, 0.1017484, -0.8941159, -0.8841187
 69606503, 0.1272505, 0.2017506, -0.9604027, -0.9544452, -0.07892344, 0.2732549, 2.198189, 2.203927, 0.1068568, 0.1441136, -0.5528516, -0.5510516, -0.1434748, 0.2805091, 0.04111437, -0.03878084, 0.112859, -0.8940303, -0.8854211
 69606537, 0.12951, 0.202806, -0.9479017, -0.9508595, -0.07680881, 0.2678285, 2.196457, 2.199057, 0.07935399, 0.1446609, -0.5214545, -0.5508776, -0.1451467, 0.2840443, 0.04775015, -0.0453479, 0.1157796, -0.8560609, -0.8821
 69606569, 0.1465827, 0.2061701, -0.9329708, -0.9430416, -0.06027956, 0.2708512, 2.188255, 2.200423, 0.07062265, 0.1462308, -0.521104, -0.5468825, -0.1544649, 0.2456356, 0.0458266, -0.04146723, 0.1278117, -0.8761086, -0.8753119
 69606593, 0.1427596, 0.201855, -0.9312606, -0.9346457, -0.05397894, 0.2570174, 2.187428, 2.24538, 0.03740329, 0.1429571, -0.5084318, -0.5270067, -0.1686149, 0.2565763, 0.09274241, 0.04601144, 0.1259324, -0.8813752, -0.8664883
 69606624, 0.1022432, 0.1949606, -0.939023, -0.9250224, -0.0566318, 0.2363996, 2.196136, 2.290192, 0.03236543, 0.1218468, -0.5066753, -0.5241574, -0.1881582, 0.2512957, 0.1518832, 0.09203562, 0.1167112, -0.8727357, -0.8621322
 69606659, 0.05526124, 0.1685756, -0.9172946, -0.9175022, -0.05453089, 0.2398596, 2.194358, 2.318179, 0.01295497, 0.1114246, -0.4977317, -0.5023378, -0.1879961, 0.2486164, 0.1733937, 0.1337902, 0.1098415, -0.848258, -0.8556297
 69606691, 0.00494021, 0.1036804, -0.9204584, -0.9079947, -0.1042782, 0.239937, 2.24579, 2.340222, 0.004638751, 0.09760315, -0.4733757, -0.4712801, -0.1931894, 0.2290782, 0.1921415, 0.1836833, 0.1033653, -0.8525913, -0.8487416
 69606724, -0.04933537, 0.0497578, -0.915334, -0.9107184, -0.1074632, 0.243476, 2.24928, 2.405863, -0.01082907, 0.07005162, -0.4657054, -0.4605799, -0.1967285, 0.2689211, 0.1974504, 0.2853112, 0.08775482, -0.8547888, -0.842317
 69606759, -0.1111056, -0.008865516, -0.9252202, -0.9273795, -0.08348376, 0.2401336, 2.213792, 2.407213, -0.02883804, 0.06217308, -0.464909, -0.4570151, -0.197143, 0.2672059, 0.1981236, 0.2890198, 0.0702538, -0.8682618, -0.862409
 69606792, -0.1186758, -0.04456224, -0.9282537, -0.9300047, -0.09460013, 0.2395841, 2.215976, 2.416113, -0.03759425, 0.04963208, -0.4684859, -0.4434508, -0.2011994, 0.2666374, 0.1936719, 0.2947931, 0.06366424, -0.8722196, -0.8627615
 69606830, -0.1258562, 0.0007687993, -0.9310903, -0.9221088, -0.1507133, 0.236894, 2.25068, 2.434291, -0.05904468, 0.03872087, -0.4678749, -0.4399785, -0.2133554, 0.251331, 0.1739395, 0.2916245, 0.06505089, -0.8715441, -0.8638908
 69606861, -0.1364883, -0.01476455, -0.9350247, -0.9289517, -0.150933, 0.2202125, 2.21743, 2.435452, -0.07225069, 0.03020172, -0.4841039, -0.4493761, -0.2092786, 0.2438036, 0.07169946, 0.2934477, 0.05532838, -0.8730211, -0.8674625
 69606893, -0.1354173, -0.03302739, -0.9412961, -0.9336036, -0.1598293, 0.2443614, 2.207294, 2.433355, -0.0705599, 0.02862868, -0.4923955, -0.4504763, -0.2090442, 0.2808403, 0.0309948, 0.3461347, 0.033222, -0.87693, -0.8698541
 69606928, -0.1375153, -0.02664141, -0.9411663, -0.9403455, -0.1530628, 0.249658, 2.1762, 2.436312, -0.07023482, 0.01957366, -0.5299031, -0.4750603, -0.1980149, 0.2952187, -0.01832223, 0.3127632, 0.006927809, -0.8759249, -0.8758833
 69606960, -0.1378264, -0.01277363, -0.944343, -0.9395138, -0.1589199, 0.2322824, 2.154823, 2.43192, -0.06924687, 0.01226099, -0.5310943, -0.4953599, -0.1898264, 0.2695344, -0.03311166, 0.2682494, 0.001979117, -0.8768567, -0.8754789
 69606991, -0.1382374, -0.002382699, -0.9454604, -0.9299217, -0.177414, 0.1815433, 2.182839, 2.270602, -0.06804145, 0.01231383, -0.5325549, -0.5084981, -0.2070481, 0.1901053, 0.01867335, 0.1602991, -0.00181487, -0.8785466, -0.8682394
 69607027, -0.1379958, -0.04566695, -0.9417961, -0.9228362, -0.169429, 0.1690086, 2.175107, 2.218589, -0.06871068, 0.02258444, -0.5318441, -0.5056692, -0.2076062, 0.210933, 0.04045214, 0.03791338, -0.013644, -0.8755076, -0.8671972
 69607060, -0.1340676, -0.04211063, -0.9403744, -0.9173452, -0.1615433, 0.1342852, 2.177756, 2.21911, -0.05365145, 0.03520723, -0.5331452, -0.4947303, -0.2284766, 0.2078412, 0.08912405, 0.08781107, -0.02027621, -0.8747572, -0.8649125
 69607091, -0.1230732, -0.03027109, -0.9322612, -0.9158631, -0.1560279, 0.1304287, 2.200657, 2.227351, -0.04045384, 0.04247986, -0.5234582, -0.4916397, -0.2227109, 0.2142619, 0.1286388, 0.1239057, -0.02349557, -0.8725644, -0.8499514
 69607127, -0.09004643, -0.01942531, -0.9131469, -0.9153945, -0.1500629, 0.1264488, 2.214891, 2.225434, -0.0214214, 0.07768686, -0.5237433, -0.469607, -0.2193752, 0.2151977, 0.1422377, 0.1638989, -0.02092155, -0.8598978, -0.8457046
 69607159, -0.05063492, 0.04764359, -0.9134187, -0.9082919, -0.1467293, 0.1338385, 2.220285, 2.227663, -0.007605556, 0.0772848, -0.5121823, -0.491857, -0.2439965, 0.2154935, 0.1809483, 0.1646097, -0.01639149, -0.8570923, -0.8348292
 69607192, 0.02429861, 0.09120611, -0.9115462, -0.9102137, -0.1425618, 0.135867, 2.26382, 2.228436, -0.002915744, 0.07922227, -0.507355, -0.4991891, -0.2440484, 0.2171156, 0.1846179, 0.1631504, -0.00504966, -0.8599806, -0.8412799
 69607232, 0.08317265, 0.1406833, -0.9276806, -0.9297342, -0.1434167, 0.1713161, 2.266002, 2.250931, -0.001402207, 0.0844148, -0.5058988, -0.500934, -0.242603, 0.2288601, 0.1919167, 0.1564501, 0.01091382, -0.8777398, -0.8513111
 69607263, 0.08672294, 0.1462202, -0.9296654, -0.9316477, -0.1429162, 0.2004168, 2.261321, 2.275207, 0.0397164, 0.09795077, -0.4699938, -0.512939, -0.2360274, 0.2425594, 0.1834986, 0.1399924, 0.03481884, -0.8661616, -0.8645177
 69607294, 0.08918135, 0.1608128, -0.9378348, -0.9331155, -0.1398817, 0.2079731, 2.254571, 2.261503, 0.04044812, 0.1090341, -0.4962558, -0.5178192, -0.2249885, 0.2469287, 0.15731, 0.08755775, 0.05354704, -0.8845696, -0.8620474
 69607331, 0.09532285, 0.1610125, -0.9439884, -0.9332621, -0.1321724, 0.2283083, 2.232633, 2.268337, 0.05158065, 0.123334, -0.5036313, -0.5316537, -0.2111471, 0.2521923, 0.1009393, 0.0330899, 0.07683207, -0.8862079, -0.861715
 69607363, 0.08887789, 0.1612612, -0.9555876, -0.9390292, -0.1445236, 0.2304597, 2.22334, 2.216199, 0.05939993, 0.117492, -0.5181231, -0.5384472, -0.1919527, 0.2317338, 0.06060092, -0.04678764, 0.08933494, -0.8866607, -0.87617
 69607395, 0.09120855, 0.1610595, -0.955339, -0.9439812, -0.1447495, 0.231762, 2.203625, 2.227471, 0.07166355, 0.1134133, -0.54835, -0.561375, -0.1784505, 0.2329894, 0.01764374, -0.04340823, 0.09656161, -0.8869398, -0.883243
 69607430, 0.09192886, 0.161133, -0.9553716, -0.944533, -0.1422375, 0.2265677, 2.204574, 2.229339, 0.06499616, 0.1155123, -0.5401353, -0.5682051, -0.1743352, 0.2322474, 0.01097328, -0.03985281, 0.1002602, -0.8869547, -0.8833751
 69607462, 0.09217073, 0.1608727, -0.9538695, -0.9441521, -0.125472, 0.2232494, 2.211414, 2.239217, 0.05617063, 0.1137891, -0.5276588, -0.567071, -0.1744283, 0.2268601, 0.02175453, -0.01756779, 0.1020871, -0.8853114, -0.8822372
 69607495, 0.1083224, 0.161441, -0.9391126, -0.9380962, -0.09161667, 0.2024327, 2.219732, 2.256339, 0.03347821, 0.1013696, -0.5159179, -0.5436487, -0.1742047, 0.2203156, 0.05885501, 0.03619738, 0.1053083, -0.8871745, -0.8745247
 69607532, 0.09800731, 0.1614798, -0.9063203, -0.9362505, -0.08897278, 0.1952226, 2.243596, 2.274766, 0.01173246, 0.09772755, -0.4700928, -0.5269286, -0.2029238, 0.2216064, 0.1291151, 0.07892001, 0.09505166, -0.8594046, -0.871911
 69607565, 0.07831594, 0.1501223, -0.9315745, -0.9321711, -0.07618315, 0.1929987, 2.237085, 2.288252, 0.004210551, 0.09258324, -0.4978612, -0.5239637, -0.2071111, 0.2225443, 0.1663607, 0.1040309, 0.09090777, -0.8730859, -0.8641881
 69607599, 0.02551043, 0.1276956, -0.9215101, -0.9234097, -0.07387452, 0.19161, 2.231459, 2.29784, -0.003335221, 0.08924091, -0.5015134, -0.5173391, -0.2075541, 0.22141, 0.1830634, 0.1509093, 0.08045959, -0.8630933, -0.8585571
 69607632, -0.03119386, 0.06896906, -0.9231566, -0.9189041, -0.13281, 0.1899297, 2.269914, 2.307435, -0.02506142, 0.08242273, -0.4883347, -0.4894059, -0.2216788, 0.224749, 0.2127078, 0.1677905, 0.06755241, -0.864916, -0.8525242
 69607663, -0.07994362, 0.01283354, -0.9219708, -0.9178114, -0.1410597, 0.1899391, 2.277148, 2.307185, -0.03330378, 0.06750619, -0.4790412, -0.4681071, -0.2280001, 0.2243718, 0.2124588, 0.1775324, 0.05095449, -0.8698138, -0.8471284
 69607698, -0.1325513, -0.003559315, -0.9340097, -0.9272928, -0.1682563, 0.1946304, 2.270049, 2.338494, -0.05114651, 0.05350631, -0.4704477, -0.4537056, -0.245827, 0.2158647, 0.2061418, 0.2846278, 0.03710997, -0.873557, -0.8708063
 69607729, -0.137811, -0.01043445, -0.9352078, -0.9287713, -0.1916371, 0.1866591, 2.26403, 2.296469, -0.06864285, 0.04524274, -0.4847071, -0.4649795, -0.2547481, 0.2125341, 0.1886822, 0.1924732, 0.01680745, -0.8679665, -0.8712182
 69607762, -0.1446722, -0.005108733, -0.9370017, -0.9342425, -0.2000426, 0.2011036, 2.236168, 2.318975, -0.0855178, 0.03087332, -0.5071293, -0.4807699, -0.255774, 0.2191349, 0.1359087, 0.1948046, 0.001101224, -0.872824, -0.8706576
 69607793, -0.1455691, -0.00909323, -0.9403511, -0.9380218, -0.207599, 0.2007201, 2.215683, 2.314665, -0.08738971, 0.02045967, -0.5070912, -0.5142866, -0.2518894, 0.1951278, 0.07030544, 0.1580024, -0.01711622, -0.8742377, -0.8699877
 69607830, -0.1463672, -0.01054326, -0.9399428, -0.937398, -0.2158722, 0.2018557, 2.209204, 2.295616, -0.08148032, 0.01281953, -0.503755, -0.5184063, -0.2288044, 0.2098716, 0.0378312, 0.1132638, -0.0236194, -0.8707133, -0.8680571
 69607864, -0.1507521, -0.01113492, -0.9431398, -0.9374974, -0.2047404, 0.1996587, 2.211123, 2.310032, -0.09292056, 0.01353133, -0.5138056, -0.5207328, -0.2166301, 0.2042912, 0.007381678, 0.1338597, -0.03448496, -0.8767231, -0.8683784
 69607892, -0.1517021, -0.01103483, -0.9440341, -0.9375357, -0.2002985, 0.1893786, 2.189211, 2.279613, -0.09818751, 0.01858882, -0.5208265, -0.5264653, -0.2097473, 0.2138717, 0.001618236, 0.0535084, -0.03729587, -0.8780288, -0.869233
 69607928, -0.1513157, -0.01163484, -0.943642, -0.9371534, -0.2014613, 0.1623029, 2.147076, 2.253338, -0.09775761, 0.02367964, -0.528852, -0.5297709, -0.2082451, 0.2223667, 0.02559333, 0.05383393, -0.03968078, -0.8777122, -0.8673602
 69607958, -0.1506262, -0.00991157, -0.941328, -0.9348408, -0.1987362, 0.1163383, 2.162875, 2.258281, -0.09605956, 0.03378856, -0.5249106, -0.5173434, -0.235514, 0.2190207, 0.07429232, 0.09721521, -0.04125549, -0.8723328, -0.8602341
 69607994, -0.1439708, -0.009875653, -0.9354546, -0.9265022, -0.1911884, 0.0859639, 2.18604, 2.257621, -0.07953419, 0.04065294, -0.5118788, -0.5058321, -0.2512836, 0.2153757, 0.118367, 0.1225891, -0.04489653, -0.8672121, -0.8556781
 69608024, -0.1218772, -0.001653198, -0.9298546, -0.9121701, -0.1891318, 0.08774135, 2.196681, 2.258124, -0.05256375, 0.04446748, -0.511811, -0.498971, -0.2768118, 0.2220387, 0.1534634, 0.1566187, -0.04142455, -0.8696972, -0.835131
 69608059, -0.07103052, 0.01993462, -0.9244942, -0.9147133, -0.2059169, 0.096704, 2.252251, 2.260444, -0.03866877, 0.04602721, -0.5079924, -0.5002574, -0.2874819, 0.221468, 0.2019561, 0.1703626, -0.0301754, -0.8536041, -0.8379245
 69608092, -0.01241616, 0.06384446, -0.9184127, -0.9100846, -0.212772, 0.1061338, 2.263931, 2.269919, -0.03635091, 0.04789177, -0.4982027, -0.4947714, -0.2797621, 0.2341752, 0.2190905, 0.1772072, -0.01343385, -0.8638659, -0.8423327
 69608126, 0.07193604, 0.09733947, -0.915819, -0.9049934, -0.2134246, 0.1225751, 2.263225, 2.270782, -0.03434142, 0.05215369, -0.4775193, -0.4905552, -0.2600709, 0.2354456, 0.2445806, 0.1769498, 0.01640766, -0.87143, -0.844962
 69608157, 0.07499135, 0.1299965, -0.8683488, -0.9226628, -0.2385471, 0.165162, 2.290622, 2.288338, -0.04570322, 0.05998643, -0.3980825, -0.4890259, -0.2537763, 0.2413367, 0.2472437, 0.171304, 0.03334948, -0.7922791, -0.8634443
 69608194, 0.0179419, 0.140972, -0.8417642, -0.9280485, -0.2485328, 0.1680686, 2.291546, 2.277332, -0.04571305, 0.07440419, -0.3978746, -0.4954099, -0.2537072, 0.244552, 0.2420719, 0.1126775, 0.06770872, -0.7903398, -0.8709952
 69608225, 0.09709663, 0.14429, -0.9327837, -0.9319488, -0.2388869, 0.193407, 2.274249, 2.305575, 0.02821229, 0.09808336, -0.4660275, -0.5127147, -0.2166329, 0.2457315, 0.2543933, 0.09008865, 0.0917169, -0.8565877, -0.876614
 69608256, 0.02618204, 0.142807, -0.8459347, -0.9409599, -0.2821126, 0.1918405, 2.353137, 2.260355, -0.05490085, 0.09631503, -0.4226053, -0.5145552, -0.2047321, 0.2257603, 0.2255579, 0.00435443, 0.09384808, -0.7998278, -0.8791647
 69608292, 0.06425967, 0.13967, -0.8428215, -0.9472727, -0.2535827, 0.1893524, 2.221945, 2.266663, -0.05937904, 0.09307644, -0.4650934, -0.5253129, -0.2439174, 0.2303561, 0.100095, -0.01710585, 0.1160532, -0.8060279, -0.8871665
 69608325, 0.0751898, 0.1371976, -0.8751153, -0.9496165, -0.2530299, 0.1897092, 2.218765, 2.26424, -0.04702662, 0.09063388, -0.4851705, -0.5322632, -0.2520053, 0.227787, 0.09420887, -0.02337556, 0.1156466, -0.8382959, -0.8876243
 69608356, 0.07717147, 0.1378894, -0.8727353, -0.9493628, -0.3219222, 0.184371, 2.242929, 2.29565, -0.05010389, 0.08918999, -0.494264, -0.5537165, -0.2505656, 0.2514578, 0.09856166, -0.02236578, 0.1159341, -0.8366938, -0.8877572
 69608391, 0.08027573, 0.1409134, -0.8987017, -0.9487202, -0.3023958, 0.1658259, 2.243559, 2.302721, -0.06906732, 0.08547363, -0.4885278, -0.5652058, -0.2491486, 0.25954, 0.1136249, 0.00354068, 0.1130778, -0.8315222, -0.8871959
 69608424, 0.07223841, 0.1474901, -0.8887327, -0.9343839, -0.2044722, 0.1662413, 2.177633, 2.3256, -0.00152493, 0.07267479, -0.47665, -0.5620692, -0.2968485, 0.2553108, 0.2150289, 0.05944766, 0.09921013, -0.8138288, -0.8788136
 69608456, 0.07920293, 0.1397727, -0.9130925, -0.9232734, -0.1908713, 0.1276936, 2.230913, 2.298827, -0.007236464, 0.04875965, -0.4731047, -0.5205541, -0.3452635, 0.2086443, 0.2606071, 0.1110261, 0.08914018, -0.8630336, -0.8678474
 69608492, 0.04926185, 0.08369075, -0.9287444, -0.9121188, -0.1625242, 0.1401038, 2.225602, 2.344357, -0.0422426, 0.03275427, -0.4984752, -0.5066757, -0.3486499, 0.2076684, 0.2653977, 0.1686437, 0.06252125, -0.87205, -0.8491989
 69608534, -0.05114647, 0.03130944, -0.9202202, -0.9153017, -0.1610298, 0.1273061, 2.24988, 2.342669, -0.04743269, 0.02680775, -0.4837301, -0.4826455, -0.3596157, 0.2027262, 0.2652516, 0.1718123, 0.03763326, -0.8678454, -0.8532435
 69608568, -0.1092515, -0.05459402, -0.919229, -0.9171679, -0.1456551, 0.113353, 2.267011, 2.336516, -0.05543637, 0.02374403, -0.4775203, -0.4668018, -0.3159376, 0.1880285, 0.2558997, 0.202462, 0.01437016, -0.8613493, -0.8597419
 69608603, -0.1348284, -0.1076164, -0.9326081, -0.9315421, -0.1775986, 0.1162902, 2.303565, 2.362421, -0.08066985, -0.01232334, -0.4730617, -0.4446252, -0.310357, 0.1911592, 0.2437455, 0.2208291, -0.01268804, -0.8820671, -0.8586815
 69608631, -0.1670364, -0.08168609, -0.9369414, -0.8698195, -0.1787108, 0.121985, 2.302058, 2.348982, -0.09421306, 0.03595566, -0.4675534, -0.4078649, -0.3030982, 0.1968074, 0.190782, 0.2685628, -0.02834892, -0.8829829, -0.7918575
 69608664, -0.215412, -0.1029846, -0.9410636, -0.8339705, -0.2019387, 0.1172639, 2.322636, 2.33968, -0.1300592, 0.006181813, -0.4753221, -0.3981336, -0.2916807, 0.2097179, 0.162318, 0.2447199, -0.06109632, -0.8812454, -0.7775792
 69608699, -0.2172187, -0.1291505, -0.9408823, -0.9295518, -0.1335534, 0.145092, 2.246726, 2.444013, -0.1436533, -0.0527191, -0.5068172, -0.4788108, -0.2599557, 0.1405655, 0.05975508, 0.2041627, -0.0710047, -0.8808622, -0.8711529
 69608732, -0.2165301, -0.1286391, -0.9424892, -0.9277864, -0.1758806, 0.1186435, 2.263104, 2.346799, -0.1394329, -0.05316176, -0.5177456, -0.4848754, -0.2613549, 0.1407859, 0.01355899, 0.1300581, -0.0528949, -0.8818147, -0.8587672
 69608764, -0.2161414, -0.1250798, -0.943865, -0.9243101, -0.1902252, 0.1178122, 2.244342, 2.34441, -0.1340546, -0.05216698, -0.5255725, -0.4813367, -0.2686422, 0.1403673, -0.01462397, 0.1132324, -0.05851319, -0.8820701, -0.8543699
 69608798, -0.2151986, -0.1320478, -0.9439826, -0.9219899, -0.2406765, 0.09051566, 2.243429, 2.291165, -0.132509, -0.05188338, -0.5268809, -0.4811359, -0.282846, 0.130957, -0.008051733, 0.1243849, -0.07404594, -0.8822512, -0.8539442
 69608831, -0.214801, -0.1380578, -0.9456282, -0.9180236, -0.3034402, 0.09523457, 2.254842, 2.315669, -0.1307972, -0.04945861, -0.5273457, -0.4806823, -0.2925567, 0.1444348, 0.02809648, 0.07031398, -0.09126581, -0.8823043, -0.8534725
 69608862, -0.2149483, -0.138672, -0.9453129, -0.9140902, -0.2799885, 0.04729272, 2.246894, 2.279935, -0.1300228, -0.049282, -0.5284769, -0.4805045, -0.3196535, 0.1437201, 0.06893978, 0.07080031, -0.1030789, -0.8820965, -0.8542194
 69608897, -0.1959431, -0.13631, -0.9332434, -0.9083986, -0.2749936, 0.03141628, 2.195499, 2.273036, -0.1237442, -0.03967294, -0.524644, -0.4749066, -0.3281899, 0.151817, 0.09952687, 0.1115123, -0.1189703, -0.8804447, -0.8517697
 69608930, -0.1934112, -0.1172292, -0.9281438, -0.9240305, -0.2743404, -0.008470833, 2.182554, 2.231347, -0.1117447, -0.03312006, -0.5252599, -0.4775234, -0.341698, 0.1513579, 0.1257825, 0.1545594, -0.1284056, -0.8689213, -0.8552943
 69608966, -0.1481529, -0.07448131, -0.9239644, -0.9086019, -0.2508036, -0.00361979, 2.176603, 2.240153, -0.09500207, -0.0255448, -0.5166034, -0.4786088, -0.3411947, 0.1553006, 0.1501582, 0.1796929, -0.1313679, -0.8718218, -0.8552661
 69609001, -0.1195831, -0.02247411, -0.9145839, -0.902607, -0.2387223, -0.01136643, 2.179276, 2.22525, -0.08412147, -0.0211548, -0.5083983, -0.4798716, -0.3386219, 0.1478814, 0.1644408, 0.187359, -0.1302455, -0.8578153, -0.8471755
 69609036, -0.01794009, 0.02832728, -0.9134011, -0.9089416, -0.2148764, 0.06604879, 2.179689, 2.280366, -0.0323431, 0.001057892, -0.4963696, -0.4934586, -0.331984, 0.1517392, 0.1713877, 0.1900339, -0.1269507, -0.8613986, -0.8474313
 69609071, -0.000835456, 0.08136342, -0.9023354, -0.9220006, -0.2001793, 0.07697894, 2.196351, 2.27952, -0.03537081, 0.01244381, -0.4965165, -0.4941469, -0.3227608, 0.1653957, 0.1695521, 0.1852861, -0.1215272, -0.8640352, -0.8531017
 69609105, -0.005504221, 0.09204526, -0.9144478, -0.9401035, -0.1982073, 0.1135005, 2.242905, 2.293127, -0.04651736, 0.03726339, -0.4980969, -0.4981691, -0.3115295, 0.1743107, 0.1827739, 0.1434518, -0.09764829, -0.8640985, -0.8842657
 69609138, 0.03971737, 0.1125763, -0.9433138, -0.9306653, -0.1799406, 0.1251151, 2.215506, 2.29872, -0.03887019, 0.06665066, -0.5027836, -0.5133035, -0.2834161, 0.1747576, 0.1388647, 0.09608743, -0.07672602, -0.8817124, -0.8755903
 69609171, 0.04604408, 0.1213, -0.9463466, -0.9312436, -0.1443069, 0.1607944, 2.175509, 2.279638, 0.004161813, 0.07494646, -0.5046279, -0.5271925, -0.277301, 0.1716266, 0.1092631, 0.04801007, -0.06576682, -0.881706, -0.8746548
 69609205, 0.056752, 0.1242028, -0.9434227, -0.9345564, -0.1488698, 0.1553858, 2.1825, 2.272585, 0.009131888, 0.06758346, -0.4883786, -0.5358788, -0.2490115, 0.1751443, 0.07262734, 0.00555082, -0.05251223, -0.8681482, -0.8768919
 69609234, 0.05743215, 0.1147982, -0.9337264, -0.9387534, -0.1468539, 0.1563428, 2.168928, 2.262648, -0.04110971, 0.06080216, -0.4677133, -0.5530884, -0.2451877, 0.1700926, 0.0675309, -0.01575403, -0.0415946, -0.8407371, -0.8819548
 69609268, 0.0569907, 0.1053845, -0.9460604, -0.9393241, -0.1518545, 0.1568101, 2.173685, 2.258451, -0.03765265, 0.05571689, -0.4935551, -0.5631042, -0.2497239, 0.1662197, 0.02385182, -0.02156433, -0.0370403, -0.8656478, -0.8841955
 69609301, 0.07854559, 0.1113885, -0.9165205, -0.9378485, -0.1511903, 0.1481228, 2.204334, 2.29318, -0.04587175, 0.05263627, -0.4945236, -0.567169, -0.2530802, 0.1576615, 0.02557711, 0.005585998, -0.03132124, -0.8649418, -0.883871
 69609334, 0.04538213, 0.1105726, -0.9241205, -0.9374821, -0.1826757, 0.1303675, 2.243454, 2.300358, -0.06462125, 0.04266265, -0.4707171, -0.5667011, -0.3030812, 0.1486939, 0.08883908, 0.0442891, -0.02172672, -0.8353157, -0.8840309
 69609367, 0.03958446, 0.1111305, -0.9116263, -0.9388151, -0.2066199, 0.1179617, 2.264852, 2.315018, -0.08277445, 0.02823159, -0.4637722, -0.5615433, -0.3151456, 0.1402062, 0.1339095, 0.08674002, -0.0127666, -0.8285972, -0.8800907
 69609396, 0.006950019, 0.06851374, -0.8986964, -0.9127019, -0.2154694, 0.1005152, 2.268316, 2.321409, -0.09631193, -0.001170564, -0.4625558, -0.5411767, -0.3356611, 0.1263556, 0.1756742, 0.115184, -0.01511903, -0.8329837, -0.8513992
 69609427, -0.04074048, 0.03320515, -0.9186684, -0.9104897, -0.2375699, 0.09150659, 2.262615, 2.34696, -0.1101772, -0.02963038, -0.4676459, -0.5148683, -0.3345211, 0.1133221, 0.1941342, 0.158737, -0.02576469, -0.8564469, -0.8575622
 69609463, -0.1319771, -0.03654027, -0.913949, -0.9056348, -0.2548466, 0.08484901, 2.256021, 2.348402, -0.1324043, -0.04889475, -0.4947742, -0.4998025, -0.3396041, 0.1058052, 0.1994815, 0.1722038, -0.03321015, -0.8590064, -0.8541067
 69609495, -0.2124508, -0.1234146, -0.9120602, -0.9093783, -0.2776958, 0.05960815, 2.250713, 2.333783, -0.1414086, -0.06546003, -0.4826295, -0.4781744, -0.3530036, 0.09928402, 0.2062676, 0.1758888, -0.052254, -0.8490415, -0.8504044
 69609533, -0.297622, -0.1881541, -0.9210735, -0.9140726, -0.3001889, 0.06055942, 2.260729, 2.338165, -0.1634568, -0.09999727, -0.4822406, -0.4665948, -0.3649244, 0.08868156, 0.1978262, 0.1731607, -0.06663891, -0.8731303, -0.8572884
 69609568, -0.3485837, -0.219208, -0.9229145, -0.9143635, -0.3170458, 0.06290498, 2.255208, 2.341438, -0.2038398, -0.1066823, -0.4849775, -0.4636587, -0.3766477, 0.08130449, 0.1707719, 0.1764037, -0.08863994, -0.8674413, -0.8532047
 69609599, -0.3610083, -0.2107461, -0.9335893, -0.9236338, -0.3328304, 0.06791882, 2.236883, 2.323007, -0.2250711, -0.1157963, -0.5110613, -0.4826586, -0.3796109, 0.06546339, 0.1215647, 0.1424342, -0.1171391, -0.8657781, -0.8567265
 69609634, -0.3764349, -0.2240414, -0.9344919, -0.9286048, -0.3453374, 0.06909053, 2.222851, 2.325536, -0.2348266, -0.123129, -0.5109857, -0.4986047, -0.366372, 0.05933153, 0.06096199, 0.1057251, -0.1229548, -0.8662814, -0.8594664
 69609664, -0.3842257, -0.2240477, -0.9350824, -0.9367771, -0.345914, 0.05684963, 2.187224, 2.260476, -0.232537, -0.1338916, -0.5118129, -0.5121692, -0.3633412, 0.09117903, -0.02347804, -0.033508, -0.1251995, -0.8625158, -0.8756945
 69609696, -0.3919226, -0.2374454, -0.927064, -0.932069, -0.3488477, 0.05692587, 2.188773, 2.258771, -0.2291097, -0.1372439, -0.513253, -0.5085136, -0.3601101, 0.09004103, -0.03036118, -0.03238588, -0.1379146, -0.8571203, -0.87591
 69609728, -0.3821659, -0.2291636, -0.9150637, -0.9389954, -0.3471622, 0.0560547, 2.200119, 2.257125, -0.2277707, -0.1371414, -0.5136145, -0.5080042, -0.3647148, 0.08975499, -0.02027178, -0.02345367, -0.1523307, -0.8574271, -0.8772931
 69609763, -0.3823655, -0.2212532, -0.9220262, -0.9371873, -0.3451176, 0.0531174, 2.22723, 2.267226, -0.2295427, -0.1365103, -0.5153598, -0.5073076, -0.3717947, 0.08983167, -0.007383883, 0.02614769, -0.1592527, -0.8621352, -0.8726109
 69609795, -0.3470373, -0.2170862, -0.9257506, -0.9301594, -0.3661633, 0.04636825, 2.268903, 2.27383, -0.2267554, -0.1341774, -0.5154839, -0.5081829, -0.3588433, 0.08844711, 0.0447798, 0.05118467, -0.171364, -0.8593013, -0.8513347
 69609828, -0.3581293, -0.1841536, -0.9229786, -0.8968236, -0.3627717, 0.01076117, 2.280592, 2.257965, -0.218569, -0.1198851, -0.5262731, -0.4776218, -0.3576698, 0.08293469, 0.08318038, 0.07473584, -0.1807308, -0.8581482, -0.8442482
 69609863, -0.3179759, -0.2138575, -0.9293934, -0.9213015, -0.3554495, 0.003452059, 2.281698, 2.254408, -0.1804848, -0.1112706, -0.5141588, -0.4764434, -0.3574875, 0.08489946, 0.1103443, 0.1217139, -0.1824953, -0.876488, -0.8444829
 69609895, -0.2115472, -0.1736005, -0.9148282, -0.9100252, -0.3465082, 0.004187413, 2.28922, 2.251312, -0.1413486, -0.08446994, -0.5189258, -0.4798992, -0.3516783, 0.1031562, 0.1343307, 0.1745005, -0.1737003, -0.8682037, -0.8548532
 69609927, -0.1270964, -0.0800607, -0.9134308, -0.9167649, -0.332119, 0.01093578, 2.284182, 2.239504, -0.1085096, -0.07686415, -0.521435, -0.480485, -0.3473323, 0.1016145, 0.1541596, 0.1405576, -0.166022, -0.8686045, -0.8506405
 69609963, -0.05135387, -0.001878718, -0.9169708, -0.9148125, -0.3296708, 0.03982938, 2.28776, 2.256188, -0.08141214, -0.03034042, -0.5127007, -0.5064375, -0.3439005, 0.1381522, 0.1641277, 0.1719695, -0.1495526, -0.8665006, -0.8499413
 69609995, -0.02988447, 0.06143756, -0.9054404, -0.9320345, -0.319483, 0.08218732, 2.288325, 2.266053, -0.08008435, -0.02070203, -0.5071322, -0.5071616, -0.3389818, 0.1489839, 0.1653481, 0.1400941, -0.1250989, -0.8629581, -0.8608226
 69610028, -0.04501324, 0.08737592, -0.9015118, -0.9317496, -0.3005428, 0.1282783, 2.283426, 2.271208, -0.09424485, 0.01886938, -0.5053173, -0.510688, -0.3292859, 0.1580781, 0.1600055, 0.1183158, -0.09028143, -0.8627436, -0.8773748
 69610065, 0.02513533, 0.1106674, -0.9435748, -0.938379, -0.2946056, 0.1382192, 2.279356, 2.24664, -0.02537148, 0.04243942, -0.5019928, -0.5409278, -0.3113166, 0.1704129, 0.1444311, 0.06304175, -0.06021515, -0.8849303, -0.8758268
 69610095, 0.02765566, 0.1134886, -0.9415852, -0.9386511, -0.2841228, 0.1601753, 2.273171, 2.243613, -0.0107333, 0.05621579, -0.5195745, -0.5329077, -0.2975898, 0.1768001, 0.1368717, 0.02396705, -0.03231009, -0.8813175, -0.8758246
 69610127, 0.03551701, 0.1132055, -0.9461944, -0.9445407, -0.2709872, 0.1666266, 2.282799, 2.221511, 0.02269156, 0.05020892, -0.5530642, -0.5317667, -0.2828583, 0.1827037, 0.1309749, -0.03183979, -0.01115673, -0.8838902, -0.8777712
 69610163, 0.03245972, 0.1175606, -0.9435039, -0.9421434, -0.2631798, 0.1731201, 2.26589, 2.226114, -0.04784984, 0.05424181, -0.4916206, -0.5513627, -0.2838941, 0.1816455, 0.03288653, -0.03369595, -0.0007811442, -0.8668641, -0.8778425
 69610195, 0.03289371, 0.1134641, -0.9476465, -0.9419222, -0.2360604, 0.1754711, 2.267278, 2.230445, -0.0433, 0.0590167, -0.5070276, -0.5531123, -0.2800128, 0.1832364, 0.02371709, -0.03350848, 0.004389626, -0.8799004, -0.8779117
 69610226, 0.02966814, 0.1124322, -0.9474162, -0.9406233, -0.1968753, 0.1768771, 2.257128, 2.258918, -0.01187502, 0.07001188, -0.5225602, -0.5474011, -0.2675881, 0.1844878, 0.02643484, 0.007547479, 0.01445375, -0.8838784, -0.8753088
 69610262, 0.02171359, 0.1111203, -0.9430487, -0.9361732, -0.1878014, 0.1742033, 2.259016, 2.279221, -0.02663748, 0.06450805, -0.511911, -0.5408981, -0.256323, 0.1811353, 0.07054732, 0.04246429, 0.01835672, -0.8785586, -0.8736241
 69610295, 0.002599343, 0.09964028, -0.938022, -0.9288143, -0.1787016, 0.1686324, 2.273678, 2.295101, -0.04411511, 0.04917348, -0.5060766, -0.5262004, -0.2594386, 0.1781471, 0.130569, 0.07705917, 0.02350273, -0.8800371, -0.8713343
 69610328, -0.005213843, 0.08492105, -0.9325374, -0.9251214, -0.1717975, 0.1503245, 2.264417, 2.31433, -0.04487363, 0.03427344, -0.4901663, -0.5091842, -0.2570677, 0.1752209, 0.1482024, 0.1293184, 0.02077117, -0.8667859, -0.8620896
 69610363, -0.0431583, 0.03458334, -0.9129835, -0.9152054, -0.1786644, 0.1490568, 2.274777, 2.314336, -0.05038463, 0.02764711, -0.490972, -0.4869599, -0.2711191, 0.1766157, 0.1949458, 0.1725488, 0.01269161, -0.8600098, -0.851352
 69610396, -0.08103386, -0.02713634, -0.9129554, -0.9118005, -0.1601803, 0.1467001, 2.247869, 2.312442, -0.05730793, 0.02871437, -0.4991587, -0.4665044, -0.257551, 0.1800483, 0.1882339, 0.1991903, 0.008706134, -0.8581755, -0.847934
 69610432, -0.1168213, -0.04768072, -0.9235232, -0.9157759, -0.1835688, 0.1731834, 2.265021, 2.368571, -0.06634083, 0.03008725, -0.4982192, -0.4644102, -0.2591003, 0.1798857, 0.1887653, 0.199239, 0.003445528, -0.8693662, -0.8544186
 69610467, -0.1361377, -0.04999524, -0.9368374, -0.9038538, -0.1800834, 0.149897, 2.246816, 2.32282, -0.08195513, 0.03305218, -0.4994764, -0.4649047, -0.259472, 0.1857021, 0.1845129, 0.1796328, -0.009230574, -0.8803366, -0.8579079
 69610500, -0.1827481, -0.08430737, -0.9126565, -0.9409478, -0.1956897, 0.1667415, 2.248765, 2.320516, -0.1238172, -0.02454955, -0.5099603, -0.5019653, -0.2511605, 0.1907417, 0.1314527, 0.1217237, -0.02314567, -0.8546977, -0.867129
 69610536, -0.1844438, -0.08263912, -0.9194261, -0.939431, -0.2072443, 0.1720304, 2.236095, 2.29217, -0.1309213, -0.02063052, -0.508542, -0.502485, -0.2443868, 0.2087165, 0.07980242, 0.0704657, -0.02711632, -0.8551859, -0.867004
 69610576, -0.1783526, -0.09756437, -0.9260994, -0.9413239, -0.2135262, 0.1806086, 2.2339, 2.283205, -0.1329728, -0.01501951, -0.5116656, -0.5059745, -0.2400426, 0.214807, 0.04512765, 0.05702874, -0.03277025, -0.8557155, -0.8671137
 69610613, -0.176522, -0.09700489, -0.9277306, -0.9416528, -0.2098967, 0.1861172, 2.223909, 2.247284, -0.1108945, -0.01240632, -0.5252331, -0.5140222, -0.2395387, 0.2279831, 0.02040341, 0.02239547, -0.0311695, -0.8567502, -0.8726318
 69610642, -0.1758178, -0.1044259, -0.9278672, -0.9402874, -0.2140184, 0.1968734, 2.224348, 2.23536, -0.08981874, -0.01142726, -0.526897, -0.5127, -0.2393703, 0.2231849, 0.01802629, 0.02772705, -0.0303054, -0.8556116, -0.8734671
 69610671, -0.1774972, -0.102624, -0.9262804, -0.9369423, -0.2132854, 0.1889997, 2.227565, 2.217896, -0.08265352, -0.005557351, -0.5277869, -0.4902671, -0.2389963, 0.2205403, 0.02295886, 0.04445578, -0.03029736, -0.8613646, -0.863803
 69610699, -0.1769004, -0.09760969, -0.9253011, -0.9337869, -0.2104407, 0.1574859, 2.239711, 2.204547, -0.07888757, -0.004985058, -0.5285367, -0.4967053, -0.2513468, 0.2265731, 0.05158802, 0.06403203, -0.03594784, -0.8609331, -0.8639865
 69610732, -0.16402, -0.09580781, -0.9307742, -0.9341528, -0.1936631, 0.1566806, 2.243534, 2.219277, -0.06182426, -0.001329497, -0.5374826, -0.4889155, -0.2509828, 0.2264183, 0.07544037, 0.09722278, -0.05000171, -0.8725297, -0.8637757
 69610766, -0.1282453, -0.0892951, -0.9233024, -0.9271742, -0.1966298, 0.1430418, 2.262118, 2.226068, -0.04897378, 0.01811017, -0.5414551, -0.460546, -0.2533207, 0.2167873, 0.1108404, 0.1174695, -0.05192101, -0.859675, -0.8437629
 69610794, -0.09221092, -0.02984308, -0.916413, -0.8852596, -0.1920099, 0.1406426, 2.260972, 2.235645, -0.0263241, 0.02398482, -0.5417411, -0.4428153, -0.2474651, 0.2160704, 0.1252928, 0.1362847, -0.05302098, -0.8701922, -0.8395631
 69610829, -0.02545584, 0.01441286, -0.9284666, -0.923003, -0.1809012, 0.1399918, 2.266745, 2.238369, 0.001502506, 0.02416664, -0.5289232, -0.4416667, -0.2411597, 0.2159534, 0.1431989, 0.1386864, -0.04763917, -0.8708891, -0.8423368
 69610860, 0.0426972, 0.0947229, -0.9219707, -0.9241161, -0.1705035, 0.1276474, 2.264749, 2.243141, 0.01313237, 0.05343743, -0.5222457, -0.5168712, -0.2333021, 0.2141649, 0.1480849, 0.1316284, -0.03600854, -0.8666029, -0.8553232
 69610893, 0.09342997, 0.1555138, -0.9152416, -0.935306, -0.1689316, 0.1315102, 2.268824, 2.24401, 0.01257793, 0.06560452, -0.5198903, -0.5187951, -0.2268174, 0.2147744, 0.1524236, 0.1165437, -0.01035737, -0.8642774, -0.8633896
 69610928, 0.09558582, 0.1695593, -0.9594387, -0.9349374, -0.1675908, 0.1604028, 2.272506, 2.25772, 0.01492603, 0.1015832, -0.5162999, -0.5299485, -0.2076, 0.2190069, 0.1250345, 0.07937189, 0.01336458, -0.8950233, -0.874909
 69610961, 0.07561329, 0.1835438, -0.9420735, -0.93524, -0.1534688, 0.1858964, 2.264003, 2.271589, 0.02443825, 0.1150376, -0.5114019, -0.5204568, -0.199676, 0.2173879, 0.0765231, 0.04323332, 0.03131276, -0.8891427, -0.8632563
 69610993, 0.06450528, 0.18721, -0.9453357, -0.9354141, -0.1438036, 0.1866485, 2.254772, 2.273006, 0.04053179, 0.1192734, -0.5114033, -0.5277854, -0.1939134, 0.2216323, 0.06127766, -0.02078382, 0.05083029, -0.8884724, -0.8654137
 69611028, 0.06173677, 0.1885492, -0.9436957, -0.9346915, -0.1433372, 0.1831239, 2.255407, 2.258816, 0.05315593, 0.1247124, -0.5201438, -0.5458561, -0.1940695, 0.220488, 0.05406755, -0.03743459, 0.06244022, -0.8853462, -0.86954
 69611061, 0.06073153, 0.188818, -0.9442589, -0.934638, -0.1504008, 0.1638582, 2.261436, 2.216004, 0.05378134, 0.1249752, -0.5258003, -0.5523084, -0.1970354, 0.2182758, 0.03903481, -0.04321104, 0.06706762, -0.8853955, -0.8704323
 69611092, 0.08886743, 0.1888414, -0.943277, -0.9354663, -0.1566043, 0.1651502, 2.270447, 2.236555, 0.04740211, 0.1389763, -0.526691, -0.5653785, -0.2091448, 0.2174022, 0.01689962, -0.04158698, 0.07057203, -0.8852934, -0.8712639
 69611128, 0.08717588, 0.1890978, -0.9342834, -0.9356806, -0.158986, 0.1731768, 2.269524, 2.266185, 0.02878106, 0.1384472, -0.521863, -0.5548287, -0.2134631, 0.2140995, 0.02521167, 0.007650286, 0.07330686, -0.8807175, -0.8713109
 69611160, 0.06464998, 0.190441, -0.9358231, -0.9334192, -0.1568874, 0.1451922, 2.2703, 2.277471, 0.003517457, 0.1289694, -0.513009, -0.5471227, -0.21036, 0.2112481, 0.05421742, 0.06083971, 0.06321821, -0.8740803, -0.8746003
 69611192, 0.07882617, 0.1860644, -0.9396579, -0.9334793, -0.1706137, 0.1367208, 2.294573, 2.28691, -0.009410302, 0.1048119, -0.5065148, -0.543689, -0.2327238, 0.2077126, 0.1345854, 0.0895366, 0.05586008, -0.8763685, -0.8663425
 69611229, 0.04549581, 0.1179693, -0.9197167, -0.9106161, -0.1587178, 0.1233584, 2.282966, 2.280869, -0.0195537, 0.0514888, -0.4855922, -0.5129721, -0.2358565, 0.2059818, 0.165507, 0.1674802, 0.0375893, -0.858548, -0.857279
 69611260, -0.02946955, 0.05348021, -0.9168985, -0.9129819, -0.1598217, 0.1154051, 2.280566, 2.286386, -0.02611914, 0.03973074, -0.4766461, -0.4784823, -0.2366147, 0.2022668, 0.173265, 0.1861931, 0.02786316, -0.8632033, -0.8547058
 69611293, -0.09041324, 0.004657706, -0.9100931, -0.9096818, -0.1559022, 0.1202661, 2.272593, 2.323619, -0.04807831, 0.02635238, -0.4719845, -0.4630508, -0.2506283, 0.2163198, 0.1940902, 0.2909724, 0.01139467, -0.8476805, -0.8435642
 69611335, -0.1168793, -0.04278681, -0.9159248, -0.9163352, -0.1554967, 0.1073944, 2.270833, 2.344932, -0.06200017, 0.02165366, -0.4723494, -0.4582894, -0.2605109, 0.2128326, 0.2000905, 0.3128037, -0.01432079, -0.8575304, -0.8543015
 69611367, -0.1756344, -0.1000608, -0.931526, -0.9308733, -0.1651747, 0.1008084, 2.277169, 2.354475, -0.08259639, 0.01008692, -0.4720096, -0.4491906, -0.2691965, 0.2305504, 0.178887, 0.2761202, -0.02663354, -0.8770336, -0.8796383
 69611400, -0.1790979, -0.06609732, -0.9308061, -0.9332798, -0.1558504, 0.04847806, 2.233727, 2.305813, -0.1173897, 0.006626092, -0.467409, -0.4413479, -0.2708254, 0.1697004, 0.1280842, 0.213989, -0.06085694, -0.8770703, -0.8650224
 69611435, -0.1848673, -0.07486084, -0.9344456, -0.9326231, -0.1855842, 0.05716019, 2.206423, 2.359434, -0.1214494, 0.00519447, -0.467202, -0.4371355, -0.2557769, 0.1344027, 0.07205982, 0.248382, -0.05905505, -0.877615, -0.8644124
 69611466, -0.1868013, -0.08331244, -0.9375656, -0.925841, -0.1386776, 0.1524507, 2.203656, 2.406638, -0.1239506, -0.003051236, -0.4796028, -0.4579199, -0.2536527, 0.1583298, 0.05968067, 0.1812225, -0.08019268, -0.8802452, -0.8339172
 69611499, -0.190302, -0.0868858, -0.9375106, -0.929183, -0.1443129, 0.138799, 2.201378, 2.343017, -0.1204584, -0.01194897, -0.5053016, -0.4622297, -0.2640854, 0.1398273, 0.0218, 0.1708124, -0.08282184, -0.8750038, -0.8372203
 69611534, -0.1879652, -0.05996677, -0.9370534, -0.9334823, -0.149359, 0.1362556, 2.20407, 2.33117, -0.1170481, -0.02563045, -0.5058088, -0.4948706, -0.2675393, 0.1177668, -0.003647193, 0.1621371, -0.09901594, -0.8738069, -0.8695024
 69611569, -0.1882942, -0.08388217, -0.9377149, -0.9334019, -0.2375424, 0.1659123, 2.15081, 2.191053, -0.1165368, -0.02615679, -0.5059205, -0.4998316, -0.2902087, 0.1258788, 0.003858283, 0.04082365, -0.09949584, -0.8741896, -0.8700227
 69611602, -0.1868896, -0.08103861, -0.943171, -0.928283, -0.2441906, 0.1587601, 2.155787, 2.198437, -0.1168069, -0.02582576, -0.5167373, -0.5087457, -0.2936921, 0.1244506, 0.02211811, 0.05298519, -0.1033708, -0.885312, -0.8669997
 69611639, -0.1928021, -0.07537559, -0.9397385, -0.9160118, -0.2607314, 0.1644193, 2.18061, 2.224447, -0.1354447, -0.02269081, -0.5229957, -0.5084982, -0.2974223, 0.131816, 0.06784475, 0.1055225, -0.1149256, -0.8782998, -0.8596308
 69611666, -0.1864062, -0.05532319, -0.9345092, -0.909877, -0.2754217, 0.1694823, 2.188855, 2.245223, -0.1331878, -0.008395339, -0.5227845, -0.5006084, -0.3095056, 0.1540253, 0.1038108, 0.1470209, -0.120138, -0.8743956, -0.8585567
 69611697, -0.1806621, -0.06716959, -0.9208987, -0.9292868, -0.2837938, 0.163911, 2.209982, 2.244243, -0.1110043, 0.01018163, -0.5178961, -0.5052874, -0.3086495, 0.1759497, 0.1164749, 0.1864324, -0.1312302, -0.8480761, -0.8527346
 69611733, -0.129133, -0.009005413, -0.9194749, -0.9052101, -0.2661434, 0.1586312, 2.188696, 2.246314, -0.07353772, 0.02030165, -0.512861, -0.4897283, -0.3089952, 0.1777697, 0.14441, 0.1972139, -0.1311188, -0.8622377, -0.8399478
 69611765, -0.04485702, 0.02798309, -0.9193645, -0.9077557, -0.2615831, 0.1555598, 2.174939, 2.261861, -0.05740256, 0.02456859, -0.508737, -0.502353, -0.2906086, 0.1807558, 0.1570015, 0.2057478, -0.1310842, -0.8549501, -0.8365865
 69611803, 0.02103463, 0.0783466, -0.9025437, -0.9184403, -0.255109, 0.1404686, 2.165911, 2.227443, -0.04246362, 0.03191999, -0.5032802, -0.5009205, -0.2880023, 0.1800093, 0.1577084, 0.2049159, -0.1258466, -0.8528003, -0.8580512
 69611841, 0.05372914, 0.1012327, -0.924762, -0.9236609, -0.2315083, 0.1347608, 2.161925, 2.205237, -0.05075555, 0.04621007, -0.5152385, -0.5010783, -0.2929944, 0.1773266, 0.1707139, 0.1759469, -0.1168686, -0.8701718, -0.8642863
 69611874, 0.03711909, 0.1098673, -0.926129, -0.927848, -0.2178741, 0.1352885, 2.147383, 2.194466, -0.05247025, 0.05917736, -0.5044949, -0.50495, -0.2896138, 0.1784726, 0.1605931, 0.1259131, -0.09740517, -0.8820287, -0.8773291
 69611907, 0.04131002, 0.1151984, -0.9143428, -0.9273897, -0.2054067, 0.1259782, 2.141942, 2.163772, -0.05223729, 0.0800337, -0.5074154, -0.5276971, -0.2765034, 0.1901643, 0.1166352, 0.08100642, -0.08300917, -0.8725007, -0.8758745
 69611940, 0.03526521, 0.1136897, -0.9181283, -0.9310939, -0.1917545, 0.1614607, 2.116062, 2.217301, -0.06157166, 0.07948914, -0.5268927, -0.5303795, -0.2661728, 0.1608974, 0.1054659, 0.002268609, -0.07034568, -0.8766254, -0.8824914
 69611973, 0.02723891, 0.1010078, -0.9511823, -0.9381133, -0.1870872, 0.1578678, 2.127785, 2.216869, -0.0632813, 0.07331272, -0.5639244, -0.5380254, -0.2667769, 0.1585256, 0.0869645, -0.006019374, -0.06125302, -0.9096312, -0.8850873
 69612007, 0.04609837, 0.09949811, -0.8707538, -0.9404977, -0.1885356, 0.1581097, 2.161956, 2.218342, -0.04242883, 0.06689104, -0.4822916, -0.5514845, -0.2568687, 0.1578327, 0.04724707, -0.008939516, -0.05562195, -0.8291595, -0.8858483
 69612040, 0.04715708, 0.09970294, -0.9148796, -0.9411558, -0.1800076, 0.1526806, 2.178337, 2.228593, -0.02049466, 0.0644452, -0.4848368, -0.5555334, -0.2552671, 0.158038, 0.02228936, -0.005499838, -0.04605655, -0.8664452, -0.8862075
 69612074, 0.06009472, 0.1080515, -0.9388144, -0.9400885, -0.1683834, 0.143508, 2.211872, 2.24373, -0.0225162, 0.061064, -0.485654, -0.5619329, -0.2544763, 0.1605101, 0.057303, 0.04549915, -0.03457294, -0.858223, -0.8849522
 69612108, 0.05326618, 0.1112931, -0.9257543, -0.9390237, -0.1683693, 0.1429093, 2.221909, 2.272083, -0.03725401, 0.05106249, -0.4749926, -0.5581986, -0.3064516, 0.1495041, 0.07301891, 0.08861142, -0.02563064, -0.8518804, -0.8827342
 69612136, 0.04786266, 0.0956232, -0.922253, -0.9201672, -0.1703907, 0.1424767, 2.240294, 2.339366, -0.06942309, 0.04264355, -0.4694596, -0.5476955, -0.2950075, 0.1485042, 0.1314801, 0.07113346, -0.02433448, -0.8527995, -0.8597773
 69612167, -0.01796394, 0.06810226, -0.9149724, -0.9077474, -0.176804, 0.105563, 2.242963, 2.247945, -0.09627043, -0.001923902, -0.5093269, -0.5176719, -0.3378218, 0.1530705, 0.1443886, 0.09719008, -0.02959923, -0.865151, -0.8499906
 69612205, -0.08983353, 0.01104452, -0.9137596, -0.9022115, -0.1323805, 0.09860357, 2.209797, 2.180916, -0.1070065, -0.004425755, -0.497983, -0.4940458, -0.3276501, 0.1493933, 0.1872729, 0.1683603, -0.0358391, -0.8583368, -0.8408653
 69612235, -0.1625983, -0.01986752, -0.9193048, -0.9079773, -0.1968777, 0.08204509, 2.210919, 2.232887, -0.1279366, -0.01185941, -0.4825773, -0.4761409, -0.3292556, 0.1407114, 0.1912295, 0.2184113, -0.04152517, -0.8662269, -0.8486782
 69612264, -0.2081955, -0.08408532, -0.9179771, -0.9191043, -0.2274343, 0.09850324, 2.20356, 2.351084, -0.1459369, -0.02362892, -0.4785167, -0.467355, -0.3325792, 0.1682851, 0.1912801, 0.2910904, -0.04868767, -0.8546683, -0.862205
 69612300, -0.265135, -0.1141473, -0.9273895, -0.9329358, -0.2590815, 0.1012171, 2.215056, 2.351471, -0.1730724, -0.04162022, -0.4867177, -0.4704834, -0.3379213, 0.1709989, 0.1820951, 0.2924393, -0.05658099, -0.864157, -0.8648221
 69612333, -0.2674924, -0.1137636, -0.9362922, -0.9356905, -0.2812354, 0.1341088, 2.227333, 2.388855, -0.1835548, -0.06060914, -0.4984566, -0.4844455, -0.329282, 0.2779136, 0.1411521, 0.3955133, -0.0677287, -0.8686477, -0.8680804
 69612364, -0.2603262, -0.1135861, -0.9365196, -0.9370656, -0.2893338, 0.1330568, 2.243429, 2.38882, -0.1890433, -0.07464682, -0.5054631, -0.5048612, -0.3270029, 0.2644702, 0.0735515, 0.4294306, -0.07811169, -0.8691325, -0.8695803
 69612399, -0.2657465, -0.1281003, -0.9387227, -0.9519228, -0.2820599, 0.1215016, 2.253839, 2.387889, -0.1698132, -0.08672072, -0.5027829, -0.508772, -0.3198231, 0.2452151, 0.01791204, 0.4623818, -0.07820369, -0.8700475, -0.8827893
 69612431, -0.2663631, -0.1024075, -0.9371722, -0.9462236, -0.2793522, 0.1068309, 2.263805, 2.385735, -0.1665777, -0.08829734, -0.50342, -0.5085366, -0.311508, 0.2051674, -0.003973395, 0.4517821, -0.08705859, -0.8679597, -0.8810862
 69612463, -0.2575614, -0.106676, -0.9385846, -0.9483552, -0.2778556, 0.09293135, 2.264263, 2.368505, -0.1643445, -0.08721739, -0.5210868, -0.5133872, -0.3089266, 0.1950028, -0.006758892, 0.4622161, -0.0934148, -0.8683354, -0.8811349
 69612497, -0.2602943, -0.1273804, -0.9360721, -0.9472653, -0.2737338, 0.03248753, 2.258717, 2.268888, -0.1932048, -0.07862093, -0.5389607, -0.5158849, -0.3071351, 0.1074099, 0.006766902, 0.0882193, -0.09891342, -0.8691374, -0.8786765
 69612530, -0.272413, -0.1227223, -0.9273019, -0.9361525, -0.2595437, 0.0219354, 2.260794, 2.269937, -0.1962082, -0.06429056, -0.5357199, -0.515058, -0.3046742, 0.09171727, 0.04688934, 0.0606956, -0.1116694, -0.8681989, -0.8688275
 69612563, -0.2720764, -0.1230254, -0.9114134, -0.9353878, -0.2296215, 0.04226349, 2.211707, 2.276801, -0.1895121, -0.03819836, -0.5238973, -0.4905117, -0.2855152, 0.1168497, 0.06217029, 0.1057136, -0.1180943, -0.8573973, -0.8687051
 69612600, -0.2637345, -0.1037151, -0.9127818, -0.9115888, -0.2327294, 0.04249063, 2.239951, 2.273031, -0.1805541, -0.0277782, -0.5210327, -0.4931006, -0.3223432, 0.1122725, 0.110611, 0.1252719, -0.1243038, -0.8619491, -0.8653566
 69612634, -0.2001967, -0.05524884, -0.9159229, -0.9096995, -0.2440667, 0.05337669, 2.2539, 2.274197, -0.1455178, -0.01571392, -0.5173455, -0.4968846, -0.3275102, 0.1331569, 0.1296541, 0.1622086, -0.1278996, -0.8540431, -0.8414362
 69612665, -0.1661242, -0.02693154, -0.9116368, -0.9193653, -0.2339529, 0.03451097, 2.234638, 2.276476, -0.1143316, 0.008467863, -0.516902, -0.5041497, -0.3404531, 0.1355554, 0.1391543, 0.1694285, -0.127513, -0.848152, -0.8390668
 69612698, -0.09327192, 0.0393876, -0.9179053, -0.9183187, -0.2079416, 0.03583283, 2.168055, 2.275121, -0.08925813, 0.02476376, -0.5163458, -0.5052477, -0.3424214, 0.1413668, 0.1462649, 0.1768075, -0.1269231, -0.8660107, -0.8463649
 69612731, -0.01429059, 0.06262849, -0.9458017, -0.9248165, -0.2655022, 0.04075721, 2.209153, 2.26261, -0.06000097, 0.03824716, -0.5126433, -0.504948, -0.3385736, 0.1455125, 0.1598126, 0.1782427, -0.1191413, -0.882946, -0.8664134
 69612764, -0.001235852, 0.1090309, -0.9325798, -0.9289852, -0.2657389, 0.04557992, 2.199257, 2.256917, -0.03019275, 0.05154258, -0.5118281, -0.5106934, -0.3342235, 0.1520148, 0.1559211, 0.1663047, -0.106886, -0.8774403, -0.8667802
 69612799, 0.01898373, 0.1141288, -0.9442481, -0.9302562, -0.2729679, 0.07415558, 2.19399, 2.285266, -0.01707563, 0.07055096, -0.5212433, -0.5206051, -0.3238048, 0.1591889, 0.1294033, 0.1052345, -0.08372458, -0.8824334, -0.8676716
 69612833, 0.02065192, 0.1208854, -0.9451174, -0.93207, -0.2646921, 0.07601579, 2.177983, 2.27452, -0.004637871, 0.07802185, -0.5126209, -0.5203803, -0.3067881, 0.1526123, 0.09349683, 0.05036453, -0.07151213, -0.8814957, -0.866172
 69612864, 0.0258167, 0.121671, -0.9521497, -0.9333046, -0.2282834, 0.08667263, 2.150836, 2.268694, 0.005643595, 0.07542437, -0.5311981, -0.5299369, -0.2980206, 0.1522111, 0.0845781, 0.0108589, -0.0519846, -0.8868539, -0.8698519
 69612899, 0.03039223, 0.120939, -0.9511999, -0.9351779, -0.2701804, 0.09300928, 2.243503, 2.270648, 0.006296968, 0.06984921, -0.537788, -0.5356631, -0.2971807, 0.1504965, 0.08273312, 0.006413005, -0.04653446, -0.8872151, -0.8707593
 69612931, 0.02986857, 0.123794, -0.9489882, -0.9365152, -0.2059788, 0.08659191, 2.152694, 2.278872, 0.003820302, 0.06793046, -0.5363436, -0.5425262, -0.2892649, 0.1495188, 0.03368997, 0.003872203, -0.03858783, -0.8831701, -0.8719773
 69612964, 0.03360513, 0.1239696, -0.9477338, -0.9360456, -0.1923844, 0.1206304, 2.177389, 2.299048, -0.01518805, 0.06577562, -0.5224599, -0.5445861, -0.2879391, 0.1475702, 0.03766494, 0.03236379, -0.03129167, -0.8805654, -0.8710471
 69612998, 0.007508799, 0.1239198, -0.9400963, -0.935789, -0.1738904, 0.1051383, 2.210345, 2.258368, -0.0366019, 0.06511394, -0.5173292, -0.5457702, -0.2939377, 0.1058637, 0.06889978, 0.03699268, -0.01879463, -0.8808347, -0.8712515
 69613030, 0.009530778, 0.1137022, -0.9382973, -0.9316869, -0.1577272, 0.1111575, 2.229606, 2.269691, -0.06808322, 0.04469869, -0.5092888, -0.5452901, -0.3186074, 0.1000192, 0.1315342, 0.06720085, -0.01979219, -0.8804947, -0.880936
 69613064, -0.009032161, 0.05080998, -0.9255031, -0.9202218, -0.1516026, 0.1076612, 2.253685, 2.334908, -0.07536766, 0.005220503, -0.4909173, -0.5326899, -0.3265305, 0.1261006, 0.160374, 0.1429286, -0.02335619, -0.8695722, -0.8627259
 69613098, -0.0457264, 0.0314381, -0.9248793, -0.9183638, -0.1585602, 0.08959948, 2.265084, 2.337113, -0.1023302, -0.0161523, -0.4813655, -0.4923731, -0.3336045, 0.1313684, 0.1797927, 0.1909637, -0.03512138, -0.8613451, -0.847355
 69613131, -0.1373336, -0.00981898, -0.9238524, -0.9129303, -0.1518289, 0.08223324, 2.276076, 2.333784, -0.1074608, -0.01981221, -0.4848986, -0.4782363, -0.3333306, 0.1308588, 0.1852058, 0.2105007, -0.04220187, -0.860243, -0.8533932
 69613167, -0.1851071, -0.1000169, -0.9221199, -0.9304537, -0.1506588, 0.1109581, 2.278022, 2.394078, -0.1144811, -0.04381776, -0.4881507, -0.47815, -0.3332233, 0.1298255, 0.1852232, 0.2023926, -0.05295342, -0.8703093, -0.8820252
 69613199, -0.2235397, -0.06515412, -0.9217914, -0.9022142, -0.1478829, 0.1314182, 2.277173, 2.458553, -0.129512, -0.04848851, -0.491906, -0.4839665, -0.333959, 0.1291853, 0.1809452, 0.1969607, -0.06626793, -0.8750446, -0.8491359
 69613232, -0.2249157, -0.1196101, -0.9334233, -0.9311661, -0.1417999, 0.09623331, 2.270859, 2.402911, -0.1805998, -0.05475397, -0.5009458, -0.4867623, -0.3211997, 0.127167, 0.1101495, 0.1340415, -0.07499161, -0.8766835, -0.862182
 69613270, -0.2859621, -0.1251954, -0.9315271, -0.9367502, -0.203492, 0.08453567, 2.298465, 2.380581, -0.1875601, -0.05875772, -0.5090117, -0.4924388, -0.3165572, 0.1170399, 0.07673198, 0.0993889, -0.08318965, -0.8701889, -0.8676546
 69613304, -0.2462214, -0.1253253, -0.9443213, -0.937179, -0.1995373, 0.07922713, 2.291221, 2.373585, -0.186421, -0.06940478, -0.5058797, -0.496525, -0.3129572, 0.1008095, 0.04230281, 0.06167379, -0.09848811, -0.8708602, -0.8686002
 69613336, -0.2395958, -0.1041721, -0.9476977, -0.9369812, -0.2043326, 0.06753892, 2.262558, 2.358778, -0.186011, -0.07069612, -0.5164881, -0.4959716, -0.3065006, 0.08228739, -0.001861075, 0.1469024, -0.1193797, -0.8732858, -0.864283
 69613372, -0.2494812, -0.1080927, -0.9491689, -0.9400302, -0.2148725, 0.07106123, 2.256169, 2.347009, -0.1734847, -0.07123353, -0.520813, -0.4998011, -0.3058042, 0.07416852, -0.008976499, 0.1228552, -0.1233339, -0.8733179, -0.8675044
 69613402, -0.2636082, -0.1253374, -0.9396763, -0.9444895, -0.2155113, 0.05437877, 2.218948, 2.304857, -0.1707926, -0.07397006, -0.5233898, -0.514076, -0.3070388, 0.1102508, -0.005679209, 0.00994416, -0.1234848, -0.8724273, -0.8771209
 69613434, -0.269098, -0.1358646, -0.9335805, -0.9380997, -0.2163075, 0.03361299, 2.243245, 2.284398, -0.1823888, -0.0702107, -0.5274274, -0.5179952, -0.3100383, 0.1145223, 0.01543847, 0.01616528, -0.1290812, -0.8712027, -0.8733367
 69613470, -0.2623971, -0.1260129, -0.9289067, -0.9344543, -0.2188189, -0.001686215, 2.252387, 2.289345, -0.1867102, -0.048031, -0.5241362, -0.5137325, -0.3147302, 0.1152122, 0.0489272, 0.06991883, -0.1471907, -0.8691705, -0.8656617
 69613502, -0.2722829, -0.1277426, -0.9333853, -0.9084521, -0.2646588, -0.002273604, 2.271118, 2.306353, -0.1837451, -0.03668978, -0.522108, -0.5060786, -0.3599402, 0.1307769, 0.0839708, 0.106556, -0.1521407, -0.8678218, -0.8518951
 69613535, -0.244235, -0.09417765, -0.9151418, -0.9213675, -0.1216839, -0.04113942, 2.274254, 2.274856, -0.1697269, -0.01694722, -0.5194178, -0.4802392, -0.3222513, 0.1258827, 0.0952266, 0.1239133, -0.1642454, -0.8574804, -0.8480631
 69613570, -0.1761257, -0.03394348, -0.9108078, -0.9104685, -0.1177325, -0.02997882, 2.273605, 2.288765, -0.1270909, -0.01087589, -0.5204315, -0.4909207, -0.320817, 0.1308462, 0.1145216, 0.1438189, -0.1635105, -0.8544036, -0.8379846
 69613613, -0.107015, -0.01053212, -0.9136319, -0.9107447, -0.1008629, -0.04185001, 2.288273, 2.279146, -0.09732578, -0.004656164, -0.517951, -0.4912971, -0.3173933, 0.1311756, 0.1163672, 0.1439085, -0.1611981, -0.8598792, -0.8446842
 69613640, -0.03880193, 0.04384202, -0.9278836, -0.9196812, -0.09390296, -0.01862641, 2.283736, 2.279349, -0.06903657, -0.00178819, -0.5232617, -0.5257273, -0.3092337, 0.1382117, 0.1410148, 0.1409051, -0.1521041, -0.8644567, -0.8484581
 69613671, -0.02866105, 0.05499913, -0.9092563, -0.9213215, -0.08815412, -0.02415507, 2.283616, 2.263097, -0.06064647, 0.001276126, -0.4980568, -0.5265986, -0.3001525, 0.138482, 0.1457807, 0.1010048, -0.1294697, -0.8406162, -0.8554522
 69613698, -0.02151831, 0.0572598, -0.9051555, -0.9248347, -0.2158391, 0.06853894, 2.337991, 2.322932, -0.05698971, 0.01021417, -0.4951291, -0.536768, -0.2844332, 0.140485, 0.1356867, 0.07079086, -0.1029027, -0.8376875, -0.8638297
 69613731, -0.01104327, 0.05856878, -0.9171618, -0.9271725, -0.2188282, 0.0533722, 2.344618, 2.309234, -0.0501099, 0.01924097, -0.5100232, -0.53949, -0.2888209, 0.1424688, 0.148989, 0.00722986, -0.08152382, -0.8527077, -0.8687457
 69613766, 0.01230132, 0.05582987, -0.9369974, -0.9314161, -0.2241867, 0.05230328, 2.335255, 2.298235, -0.01311498, 0.02164935, -0.5268305, -0.5438422, -0.3153088, 0.1389508, 0.1270401, -0.01607028, -0.06273112, -0.8694769, -0.8722612
 69613801, -0.02872394, 0.05629698, -0.8941746, -0.9316788, -0.2166789, 0.03938209, 2.322981, 2.279368, -0.06333899, 0.02074759, -0.4865521, -0.5555319, -0.3138123, 0.1386635, 0.08597578, -0.02321341, -0.05276117, -0.8291985, -0.8742493
 69613832, -0.02866064, 0.05684443, -0.8957976, -0.931668, -0.2075778, 0.05737281, 2.308382, 2.302211, -0.06208522, 0.0202845, -0.5067582, -0.5588505, -0.3230163, 0.1418465, 0.01704367, -0.02011845, -0.04592481, -0.8322039, -0.8734432
 69613866, -0.010452, 0.07147729, -0.9088668, -0.9284232, -0.1787135, 0.06236319, 2.273887, 2.328891, -0.06757835, 0.01751443, -0.5022557, -0.5564736, -0.2759513, 0.1428946, 0.02580137, 0.005724716, -0.02973951, -0.8544315, -0.8734063
 69613898, -0.001829908, 0.07267057, -0.9326571, -0.9262415, -0.1723575, 0.04709817, 2.290903, 2.320049, -0.07975055, 0.01214314, -0.4871352, -0.5446897, -0.3051604, 0.1371471, 0.09068415, 0.04524013, -0.01924726, -0.866524, -0.871545
 69613930, -0.006230427, 0.067922, -0.9292924, -0.9233885, -0.1665427, 0.04515617, 2.297468, 2.323008, -0.09500908, -0.01256677, -0.4789846, -0.5401849, -0.2998219, 0.1389157, 0.1236684, 0.09498867, -0.02024525, -0.8634347, -0.8714651
 69613966, -0.05104942, 0.03415371, -0.9256161, -0.914869, -0.1843629, 0.04554104, 2.304774, 2.327201, -0.1068172, -0.02910571, -0.4784382, -0.5306566, -0.3202278, 0.135424, 0.1734585, 0.120778, -0.02204951, -0.8661596, -0.8524114
 69613999, -0.07988669, -0.01361617, -0.9233105, -0.9165556, -0.163482, 0.03695134, 2.296536, 2.324483, -0.1068664, -0.04586276, -0.4785696, -0.5112693, -0.3173857, 0.1282084, 0.1821354, 0.1852781, -0.02768069, -0.8607834, -0.854131
 69614034, -0.1476956, -0.1053736, -0.9228037, -0.9228898, -0.1633783, 0.0319613, 2.296422, 2.320085, -0.1155208, -0.07195797, -0.5013018, -0.4999756, -0.3182845, 0.1262399, 0.1879243, 0.1890675, -0.0319919, -0.8580452, -0.8572837
 69614078, -0.1758278, -0.1198114, -0.9246367, -0.9233959, -0.1734419, 0.0282122, 2.288491, 2.314497, -0.119613, -0.07057378, -0.4969239, -0.4864006, -0.3223611, 0.1227894, 0.1846008, 0.1918321, -0.03728291, -0.8621409, -0.8537824
 69614100, -0.2253197, -0.1385048, -0.9413043, -0.9034882, -0.1769664, 0.1029416, 2.281211, 2.43268, -0.13369, -0.06809717, -0.4983225, -0.4860227, -0.3208184, 0.1197087, 0.1775714, 0.1904638, -0.04805912, -0.8839997, -0.8468837
 69614132, -0.2222297, -0.1676382, -0.938468, -0.9382691, -0.240784, 0.0850642, 2.30162, 2.378581, -0.1665978, -0.06897111, -0.5202793, -0.5048473, -0.320856, 0.1221656, 0.1427117, 0.1301199, -0.06315316, -0.8843045, -0.8739967
 69614168, -0.2598326, -0.1334459, -0.9456443, -0.9215987, -0.2439571, 0.08479944, 2.281555, 2.367735, -0.1753664, -0.1033016, -0.5158053, -0.4811893, -0.3114567, 0.1249344, 0.07526413, 0.1164434, -0.06900766, -0.8812336, -0.8638451
 69614200, -0.2568531, -0.1259198, -0.9468089, -0.9311851, -0.2544531, 0.08675036, 2.271431, 2.372566, -0.1668393, -0.1039072, -0.5094647, -0.5011241, -0.3075372, 0.1232, 0.04332896, 0.2072271, -0.08152162, -0.8811714, -0.8697721
 69614232, -0.2487439, -0.1270997, -0.9466246, -0.9343402, -0.2547485, 0.0758599, 2.267206, 2.346424, -0.1621254, -0.09707721, -0.5201862, -0.5027851, -0.3065741, 0.08896844, 0.0263943, 0.1629741, -0.08633737, -0.8816293, -0.8714223
 69614268, -0.2408656, -0.141426, -0.9478387, -0.9285697, -0.2785984, 0.08311784, 2.279983, 2.309631, -0.1553213, -0.08556448, -0.5228977, -0.4922184, -0.3035923, 0.1328297, 0.009242753, 0.02072837, -0.08909123, -0.8815458, -0.8646832
 69614298, -0.2382789, -0.1561473, -0.9471652, -0.9227766, -0.2694729, 0.09099517, 2.270525, 2.277181, -0.1530418, -0.08312793, -0.5239496, -0.4902697, -0.3051373, 0.1331893, 0.01396337, 0.02120936, -0.09187466, -0.8808833, -0.8625256
 69614332, -0.2389674, -0.1685058, -0.9464695, -0.9286829, -0.274941, 0.07081932, 2.280338, 2.270207, -0.1407977, -0.08318426, -0.5262402, -0.4900717, -0.3069868, 0.1359628, 0.04688472, 0.05268686, -0.1001755, -0.879539, -0.8568445
 69614366, -0.2305147, -0.1609316, -0.9416152, -0.9175454, -0.2662236, 0.06468607, 2.288982, 2.284598, -0.131968, -0.05901326, -0.5289726, -0.4783873, -0.3184991, 0.1452521, 0.09432301, 0.1074794, -0.1067179, -0.8816518, -0.8436674
 69614399, -0.1918551, -0.1219048, -0.9233827, -0.86792, -0.2430334, 0.03819875, 2.275676, 2.278662, -0.110225, -0.04669354, -0.5327357, -0.4769896, -0.3118219, 0.1471308, 0.1206366, 0.1238773, -0.1057259, -0.8672549, -0.7975957
 69614435, -0.1443212, -0.08642499, -0.9212381, -0.8746513, -0.2176528, 0.007416502, 2.271965, 2.234392, -0.08972377, -0.0245564, -0.5242212, -0.4829247, -0.3052335, 0.1608717, 0.1594637, 0.160915, -0.09952251, -0.8718463, -0.8022159
 69614467, -0.08232757, -0.02249857, -0.9220356, -0.9166464, -0.21524, 0.05568428, 2.287097, 2.278889, -0.08545379, -0.02198265, -0.5116798, -0.4840778, -0.3027635, 0.1623133, 0.1781582, 0.1777407, -0.08627786, -0.868973, -0.8583434
 69614499, -0.0250547, 0.04378681, -0.9112821, -0.9068259, -0.208744, 0.01641025, 2.279227, 2.223979, -0.08481258, -0.0026727, -0.502544, -0.5001515, -0.2972727, 0.1749205, 0.1883258, 0.1617008, -0.06556524, -0.8660807, -0.8440023
 69614535, 0.01025789, 0.08955728, -0.9071741, -0.9217246, -0.2022175, 0.07319807, 2.273461, 2.264327, -0.08797638, 0.01416268, -0.4998803, -0.5015262, -0.2912568, 0.1801506, 0.1937988, 0.1575639, -0.03423581, -0.8660339, -0.8584116
 69614568, 0.05735341, 0.1296777, -0.9070418, -0.9389443, -0.2214055, 0.1191498, 2.297723, 2.27001, -0.06042944, 0.03820802, -0.4624138, -0.5131304, -0.2796241, 0.1965466, 0.1928929, 0.1141411, 0.003372289, -0.845332, -0.8861908
 69614610, 0.08286098, 0.1423572, -0.9390965, -0.9356043, -0.2018412, 0.1528892, 2.259216, 2.269365, -0.05335219, 0.06770296, -0.4729087, -0.5309522, -0.2554528, 0.1979543, 0.1418113, 0.07970253, 0.02212635, -0.8500175, -0.8761867
 69614658, 0.08208464, 0.1538596, -0.9434068, -0.9355453, -0.2094043, 0.1696706, 2.255997, 2.256797, -0.04148645, 0.07304803, -0.4836424, -0.5225585, -0.2692791, 0.206673, 0.1071971, 0.03564198, 0.05572945, -0.8622596, -0.8768892
 69614711, 0.08297527, 0.1499024, -0.9542867, -0.9465796, -0.2356445, 0.1671422, 2.236537, 2.214357, 0.001737177, 0.07068124, -0.5257883, -0.5286626, -0.2608067, 0.2028482, 0.0567375, -0.04334812, 0.08140614, -0.8923423, -0.8807468
 69614746, 0.0834219, 0.1452017, -0.956154, -0.9453443, -0.2055437, 0.1596798, 2.22212, 2.214552, 0.005856583, 0.07457115, -0.549388, -0.5429428, -0.2608377, 0.2027538, 0.06044142, -0.04042943, 0.08401035, -0.893034, -0.8803126
 69614780, 0.08363894, 0.1552792, -0.9561012, -0.9441823, -0.1909801, 0.1450012, 2.220186, 2.22513, 0.007470124, 0.07251073, -0.5244149, -0.5430782, -0.2556876, 0.2053971, 0.06780501, -0.02451481, 0.09113421, -0.892965, -0.8788077
 69614814, 0.07069066, 0.1566858, -0.944002, -0.9423717, -0.1632178, 0.1508642, 2.221859, 2.283107, -0.01102581, 0.06727908, -0.4801832, -0.5473561, -0.2464496, 0.2440296, 0.0858813, 0.01680002, 0.09251566, -0.8581148, -0.8776225
 69614850, 0.07448264, 0.1539031, -0.9221269, -0.9362707, -0.1602693, 0.1483522, 2.240469, 2.297383, -0.01778202, 0.0517131, -0.4745141, -0.5365523, -0.2429482, 0.2360985, 0.1251104, 0.07187054, 0.08443773, -0.8529108, -0.8740535
 69614888, 0.02605057, 0.09079579, -0.9238294, -0.9176837, -0.1524142, 0.1380904, 2.25229, 2.301906, -0.0463988, 0.03729282, -0.4808944, -0.5308162, -0.2409189, 0.1977139, 0.1605689, 0.1197596, 0.07594241, -0.854069, -0.8700326
 69614949, -0.08545748, 0.003729156, -0.91091, -0.9339686, -0.1891632, 0.1310677, 2.285231, 2.337635, -0.08092172, 0.008687824, -0.4793546, -0.4775761, -0.2445499, 0.1849395, 0.1864543, 0.1989929, 0.03038205, -0.8558273, -0.8767993
 69614979, -0.1507229, -0.07154287, -0.9221249, -0.9090897, -0.1899753, 0.1248312, 2.260178, 2.340591, -0.08241341, 0.01169696, -0.4795393, -0.4741613, -0.2322787, 0.1778686, 0.1542319, 0.2033691, 0.02598258, -0.8576535, -0.8704115
 69615016, -0.1585373, -0.108295, -0.9345381, -0.9024265, -0.1961957, 0.1123891, 2.257324, 2.345826, -0.09471847, -0.03064728, -0.4847835, -0.4658971, -0.2439671, 0.1653965, 0.1480917, 0.2037798, 0.005151568, -0.8886964, -0.8544058
 69615043, -0.1913216, -0.00714463, -0.9350416, -0.9009683, -0.2115436, 0.1602687, 2.268837, 2.409333, -0.112883, -0.03777616, -0.4895419, -0.4724141, -0.2498299, 0.2093935, 0.08480724, 0.1490653, -0.01884445, -0.881188, -0.8585895
 69615069, -0.2139575, -0.01249125, -0.9419078, -0.9019628, -0.2206964, 0.162487, 2.269789, 2.39632, -0.1190919, -0.0423944, -0.521796, -0.4753562, -0.2502024, 0.1885878, 0.05978048, 0.211951, -0.03123592, -0.8783065, -0.8594745
 69615097, -0.2110156, -0.05632788, -0.9419464, -0.8132493, -0.2240881, 0.1721525, 2.288874, 2.40924, -0.1207503, -0.04175698, -0.5237175, -0.4750904, -0.2177014, 0.1852197, 0.1231755, 0.2111629, -0.0468075, -0.879949, -0.7745472
 69615133, -0.2102521, -0.09017548, -0.9428898, -0.7894318, -0.2263996, 0.1718864, 2.269959, 2.40864, -0.1186996, -0.01865958, -0.5352117, -0.4731015, -0.1961396, 0.1691617, 0.08422592, 0.198012, -0.04503416, -0.8807135, -0.7552389
 69615165, -0.2086223, -0.1042259, -0.9439954, -0.7947959, -0.230161, 0.1811831, 2.265399, 2.392552, -0.1156751, -0.024217, -0.5432199, -0.4731025, -0.263538, 0.1625316, -0.006644483, 0.1815267, -0.0590525, -0.8829505, -0.7580764
 69615196, -0.209982, -0.1184838, -0.9450454, -0.8917457, -0.2478656, 0.1281608, 2.272533, 2.26181, -0.1136431, -0.01820111, -0.5452184, -0.4705312, -0.261335, 0.1827343, 0.001055587, 0.04573964, -0.06220546, -0.8835114, -0.8349342
 69615231, -0.2117346, -0.1398884, -0.9446344, -0.9230204, -0.2425251, 0.09019975, 2.266083, 2.246548, -0.1026989, -0.02356869, -0.5458804, -0.4716604, -0.2613738, 0.1838225, 0.02183934, 0.04758025, -0.0759297, -0.8816726, -0.8332247
 69615264, -0.2169356, -0.1322281, -0.9347934, -0.912113, -0.2204239, 0.08393291, 2.275087, 2.263246, -0.09775287, -0.01899154, -0.5408822, -0.4718469, -0.2584229, 0.198533, 0.07734173, 0.1002665, -0.08242953, -0.875164, -0.83319
 69615295, -0.177007, -0.1159101, -0.9234688, -0.917255, -0.2216328, 0.02697524, 2.290608, 2.214898, -0.09123068, -0.002281466, -0.5391622, -0.4712093, -0.2647147, 0.198323, 0.122165, 0.1246917, -0.08274227, -0.8748424, -0.8505917
 69615336, -0.1407568, -0.05522337, -0.9143176, -0.9116705, -0.1999065, 0.033282, 2.256604, 2.216858, -0.07975262, 0.0229055, -0.5238497, -0.4905989, -0.2580903, 0.1985949, 0.1357924, 0.151661, -0.07493449, -0.8602414, -0.83454
 69615370, -0.08364622, 0.02209412, -0.9130666, -0.9080743, -0.1982763, 0.08658296, 2.270398, 2.258317, -0.06836247, 0.04402522, -0.5141362, -0.5024564, -0.2573428, 0.2036638, 0.1543993, 0.1594311, -0.0680762, -0.8578125, -0.8514431
 69615403, -0.01990771, 0.09241505, -0.9181117, -0.9097532, -0.1947787, 0.09154755, 2.27099, 2.248874, -0.0555241, 0.07692114, -0.5063659, -0.4996237, -0.2481421, 0.2042558, 0.1807994, 0.1588568, -0.05237139, -0.8645965, -0.8390805
 69615441, 0.07974873, 0.1490635, -0.9213765, -0.919966, -0.1926833, 0.1447617, 2.268839, 2.273055, -0.01373649, 0.08638799, -0.4878895, -0.4957766, -0.2444527, 0.2093487, 0.1904669, 0.1547172, -0.0292624, -0.8710662, -0.8566004
 69615476, 0.1057706, 0.2039721, -0.927729, -0.9260497, -0.1963497, 0.1811675, 2.26691, 2.270501, 0.01701124, 0.1044599, -0.470631, -0.4959698, -0.2236157, 0.2217083, 0.2051287, 0.1076871, -0.006640269, -0.8618647, -0.8787447
 69615514, 0.1038582, 0.2068065, -0.9109073, -0.9263401, -0.1836214, 0.1749523, 2.250029, 2.256958, 0.03198767, 0.1130212, -0.4681191, -0.498853, -0.2132138, 0.2236331, 0.1830461, 0.08410084, 0.01564936, -0.8540921, -0.8695502
 69615540, 0.09894195, 0.2172688, -0.908532, -0.9345582, -0.1811148, 0.2007019, 2.2382, 2.265707, 0.04474662, 0.1180308, -0.4655764, -0.5347706, -0.2097177, 0.2328082, 0.1962466, 0.03407497, 0.03711264, -0.8505537, -0.8703803
 69615570, 0.1049633, 0.2157159, -0.9186997, -0.9368245, -0.1812341, 0.2130475, 2.257767, 2.27388, 0.05327968, 0.1159245, -0.4724566, -0.5187092, -0.2285345, 0.2341369, 0.1962345, 0.03832579, 0.03506443, -0.8566529, -0.8716195
 69615604, 0.1020087, 0.2159524, -0.8941057, -0.9370051, -0.1794897, 0.200192, 2.220734, 2.224967, -0.03892605, 0.1153881, -0.4633313, -0.5215803, -0.1971443, 0.241397, 0.1559956, -0.04323015, 0.04517489, -0.8330147, -0.8717507
 69615642, 0.1123567, 0.2159144, -0.8969913, -0.9376246, -0.1844335, 0.1882212, 2.256445, 2.22344, -0.03829743, 0.1148278, -0.4640115, -0.5262898, -0.1935187, 0.238451, 0.1599247, -0.03818089, 0.05142711, -0.8327492, -0.8722241
 69615674, 0.1411052, 0.2161486, -0.8961411, -0.9375019, -0.158813, 0.199989, 2.212992, 2.265688, -0.04094476, 0.11912, -0.4915361, -0.5462875, -0.2227671, 0.2333497, 0.06816442, 0.008100346, 0.07986162, -0.8525568, -0.8721267
 69615714, 0.1282383, 0.2032885, -0.9398658, -0.9344705, -0.1187721, 0.1804289, 2.209171, 2.26759, 0.01729665, 0.1078694, -0.4750749, -0.553959, -0.2100289, 0.2253298, 0.08134283, 0.03644911, 0.08729431, -0.8515598, -0.8752341
 69615741, 0.1252819, 0.1888488, -0.8527347, -0.9308452, -0.132861, 0.1844753, 2.259417, 2.301186, -0.01650076, 0.08872905, -0.4309269, -0.5507314, -0.227778, 0.2244755, 0.1488455, 0.09040735, 0.08012906, -0.8086665, -0.883106
 69615771, 0.08870946, 0.1401515, -0.8846641, -0.9197952, -0.1311795, 0.1453983, 2.240103, 2.292317, -0.03258006, 0.04806956, -0.4154044, -0.5419794, -0.2172951, 0.2225504, 0.1566341, 0.1053456, 0.06762775, -0.808752, -0.8661995
 69615806, 0.03293057, 0.08329074, -0.9191333, -0.9090602, -0.1477482, 0.1352373, 2.266108, 2.286248, -0.06204129, 0.01798331, -0.4687909, -0.5015698, -0.2265636, 0.2115932, 0.1827476, 0.154456, 0.04981383, -0.855864, -0.8434138
 69615839, -0.06213762, 0.02300356, -0.9116194, -0.9042987, -0.1599116, 0.1293997, 2.259142, 2.291347, -0.06006197, 0.008691117, -0.469837, -0.4876042, -0.2220831, 0.2113576, 0.1764026, 0.1621345, 0.04039121, -0.8495762, -0.8395827
 69615871, -0.1247462, -0.04196119, -0.9154136, -0.9312691, -0.1855221, 0.1141769, 2.271966, 2.28214, -0.05455291, -0.00534153, -0.4855818, -0.4768371, -0.2282302, 0.2012466, 0.1779597, 0.2053782, 0.02088891, -0.8607449, -0.8675343
 69615907, -0.1872896, -0.1116208, -0.9224831, -0.931363, -0.2031296, 0.102092, 2.283278, 2.290736, -0.09342429, -0.01420827, -0.4876706, -0.4730467, -0.2329954, 0.1870303, 0.1699189, 0.1979972, 0.007184416, -0.8772324, -0.8663443
 69615940, -0.2217491, -0.07392825, -0.9297689, -0.9064877, -0.2119767, 0.1100777, 2.253465, 2.257006, -0.122125, -0.02489775, -0.4899581, -0.4693829, -0.2421057, 0.1952055, 0.09200772, 0.2391715, -0.01554426, -0.8736072, -0.8425218
 69615972, -0.2497671, -0.08880307, -0.9335169, -0.9378547, -0.2348478, 0.1088789, 2.271963, 2.250664, -0.1529412, -0.02645051, -0.4889732, -0.4704409, -0.2410207, 0.1965019, 0.05787803, 0.2238351, -0.02844933, -0.8728657, -0.874945
 69616009, -0.2534411, -0.09366275, -0.9420426, -0.9453223, -0.2412283, 0.1486578, 2.267977, 2.366047, -0.1554284, -0.03562719, -0.5088281, -0.4955381, -0.2493089, 0.2245686, 0.01225576, 0.2811259, -0.03212643, -0.8736452, -0.8762932
 69616040, -0.2543167, -0.09076871, -0.9429564, -0.9456022, -0.2378712, 0.2025467, 2.248634, 2.401154, -0.1470223, -0.04201613, -0.5213529, -0.4991043, -0.2413065, 0.2809275, -0.02720594, 0.2888215, -0.03979535, -0.8745051, -0.8755451
 69616077, -0.2482326, -0.09081306, -0.9409607, -0.947284, -0.2381809, 0.1874816, 2.244765, 2.404297, -0.1335132, -0.04499543, -0.5215531, -0.5121627, -0.2455865, 0.2928181, -0.03975598, 0.2799457, -0.06151564, -0.8737978, -0.8773311
 69616112, -0.2468026, -0.09671286, -0.9401951, -0.9467825, -0.2393471, 0.1943088, 2.244113, 2.371295, -0.1369458, -0.04063435, -0.5287784, -0.5147326, -0.2449356, 0.3165344, -0.04071175, 0.2489459, -0.06838082, -0.8732311, -0.8791222
 69616141, -0.2433778, -0.1038953, -0.9398243, -0.9350175, -0.2299314, 0.05958391, 2.234828, 2.236277, -0.1340312, -0.03218357, -0.52856, -0.5118172, -0.240948, 0.1649687, -0.0360878, 0.03438753, -0.08898811, -0.8724864, -0.8713703
 69616174, -0.2243354, -0.09881262, -0.9257048, -0.9233115, -0.2249298, 0.04590335, 2.282367, 2.239872, -0.1379167, -0.006430689, -0.527954, -0.5007389, -0.2492014, 0.1657342, 0.06290125, 0.06237632, -0.0981591, -0.859387, -0.8657557
 69616210, -0.1889541, -0.0872232, -0.9115429, -0.9100213, -0.2199418, 0.05460772, 2.248016, 2.241753, -0.131751, -0.001888337, -0.5259851, -0.4989839, -0.2365222, 0.1733384, 0.0652824, 0.1230666, -0.1038301, -0.8544973, -0.8525096
 69616243, -0.13587, -0.03960333, -0.9200284, -0.9087765, -0.2172286, 0.05467696, 2.262733, 2.239498, -0.0732006, 0.01308632, -0.5194231, -0.4989523, -0.2496899, 0.1802882, 0.1277786, 0.142314, -0.1080787, -0.8596337, -0.8484192
 69616277, -0.06562301, 0.008084037, -0.9081616, -0.9134956, -0.2101473, 0.06001144, 2.261886, 2.236647, -0.05020925, 0.03427779, -0.5159155, -0.480002, -0.2457882, 0.1864253, 0.1396946, 0.1571177, -0.107245, -0.8540986, -0.8541945
 69616310, -0.002487927, 0.06691946, -0.9231436, -0.9215973, -0.1986259, 0.09225924, 2.238775, 2.23488, -0.01886674, 0.03436162, -0.5221028, -0.489063, -0.2452822, 0.1881793, 0.141496, 0.1559151, -0.1031926, -0.8724621, -0.8531483
 69616341, 0.06906535, 0.1162508, -0.9248244, -0.9234439, -0.183746, 0.122187, 2.219498, 2.234992, -0.02490322, 0.04843461, -0.5207731, -0.5165683, -0.2441067, 0.1975664, 0.1523289, 0.1491064, -0.09077911, -0.9006742, -0.8552257
 69616372, 0.0525905, 0.1298559, -0.899097, -0.9334293, -0.1868255, 0.1428205, 2.234194, 2.233965, -0.0299177, 0.06408143, -0.5244213, -0.5249087, -0.2419574, 0.2122204, 0.1369166, 0.1294684, -0.07114824, -0.8587008, -0.8827235
 69616407, 0.04970614, 0.1767544, -0.945173, -0.9294647, -0.1947116, 0.1658763, 2.250636, 2.219004, 0.01072232, 0.1022364, -0.5032145, -0.525811, -0.2364896, 0.2178464, 0.1152449, 0.07162352, -0.04608789, -0.8828015, -0.8677757
 69616439, 0.05292821, 0.1762815, -0.9475168, -0.9339416, -0.1905142, 0.181051, 2.226943, 2.221299, 0.0209098, 0.1043756, -0.5018164, -0.5250506, -0.2415183, 0.2186659, 0.05173093, 0.05241547, -0.03253887, -0.8832545, -0.8726168
 69616473, 0.0741879, 0.1620387, -0.9125099, -0.9397603, -0.1932754, 0.1730559, 2.226792, 2.196766, 0.0127482, 0.09172557, -0.4728814, -0.5283964, -0.2416448, 0.2113408, 0.04103115, 0.0138545, -0.01624946, -0.8587403, -0.877013
 69616504, 0.08053087, 0.1622935, -0.9317213, -0.9418862, -0.1998762, 0.1674754, 2.240022, 2.174011, 0.01578378, 0.0890445, -0.49258, -0.5334525, -0.2398005, 0.2066922, 0.03116985, -0.02176741, -0.01086001, -0.877271, -0.8792962
 69616535, 0.06374342, 0.1630817, -0.9522436, -0.9449512, -0.1995108, 0.1669874, 2.240295, 2.187278, 0.007496469, 0.09053607, -0.4973866, -0.5383384, -0.2399867, 0.2067032, 0.03022732, -0.01348382, -0.007528313, -0.8795687, -0.8804678
 69616566, 0.0522763, 0.172382, -0.9489909, -0.9444373, -0.1955262, 0.1565726, 2.23677, 2.199398, 0.004789157, 0.08742217, -0.5050199, -0.5368436, -0.2385214, 0.2017232, 0.03030704, 0.003928802, -0.002731249, -0.8843809, -0.8813672
 69616601, 0.05085734, 0.1601912, -0.9506645, -0.9404414, -0.184117, 0.1415133, 2.252742, 2.226213, -0.00386862, 0.07357271, -0.5048766, -0.5293984, -0.2311999, 0.19357, 0.05909608, 0.04368329, 0.008274123, -0.8869419, -0.8763639
 69616637, 0.06678183, 0.1534265, -0.9036262, -0.9379044, -0.1724377, 0.08715659, 2.246038, 2.217538, -0.02773136, 0.05707726, -0.4679086, -0.5367131, -0.2465506, 0.1902517, 0.131698, 0.09366679, 0.00588666, -0.8577895, -0.8770344
 69616671, 0.0436687, 0.09681189, -0.9262831, -0.9207649, -0.1742733, 0.1176997, 2.244594, 2.269901, -0.03273544, 0.0426693, -0.4690074, -0.5270337, -0.2529601, 0.1848778, 0.1643956, 0.1358334, -0.001263634, -0.8623251, -0.8565942
 69616706, -0.02157366, 0.04576141, -0.9155434, -0.9124634, -0.1722532, 0.1215377, 2.235464, 2.284863, -0.0556246, 0.02497404, -0.4651042, -0.4965267, -0.251134, 0.1887137, 0.1672495, 0.1766177, -0.01018765, -0.8565114, -0.8518378
 69616736, -0.09207816, -0.05483384, -0.9233699, -0.9228121, -0.1952134, 0.1099421, 2.265788, 2.280087, -0.07904321, -0.03161954, -0.4902996, -0.4881842, -0.2581255, 0.1827044, 0.1718184, 0.1790111, -0.02211338, -0.8656071, -0.8574564
 69616767, -0.1605257, -0.07283387, -0.913014, -0.912416, -0.2092612, 0.1107224, 2.260772, 2.296844, -0.08129701, -0.04134961, -0.4870592, -0.4634694, -0.2683588, 0.1635394, 0.1783819, 0.1853435, -0.0321501, -0.8642369, -0.8567607
 69616803, -0.2287223, -0.09911004, -0.9183857, -0.9016641, -0.2446892, 0.1492495, 2.28591, 2.375968, -0.1045299, -0.04420712, -0.487007, -0.4565707, -0.2797323, 0.1908773, 0.1678732, 0.2969825, -0.04415787, -0.8718179, -0.8466307
 69616836, -0.2614794, -0.1270098, -0.9268015, -0.9248977, -0.2344349, 0.1549507, 2.264745, 2.379872, -0.1536267, -0.04740743, -0.4846291, -0.4532664, -0.2856634, 0.225721, 0.09257137, 0.2994916, -0.06846621, -0.8653316, -0.8323044
 69616869, -0.2738472, -0.1180141, -0.9264134, -0.9171872, -0.2506118, 0.1181884, 2.258785, 2.32526, -0.1610455, -0.05255646, -0.4969275, -0.4764546, -0.2836988, 0.1761631, 0.05068652, 0.1468754, -0.07945111, -0.8602672, -0.8514481
 69616904, -0.2723628, -0.1217758, -0.9296954, -0.9318776, -0.2551751, 0.1116552, 2.255955, 2.297175, -0.1630118, -0.05574258, -0.5019863, -0.4921007, -0.2834871, 0.1763189, 0.02458173, 0.135543, -0.0881945, -0.863698, -0.8637013
 69616937, -0.2755901, -0.1325581, -0.9321471, -0.9354378, -0.2669772, 0.09399122, 2.233468, 2.276671, -0.1542303, -0.05987547, -0.5061628, -0.4986698, -0.2830715, 0.1635967, -0.0432503, 0.1413762, -0.09613822, -0.8597318, -0.8674144
 69616973, -0.2719016, -0.1257383, -0.9334457, -0.9402798, -0.2684789, 0.09302571, 2.237276, 2.278848, -0.1462868, -0.06497975, -0.5186718, -0.5041687, -0.2817671, 0.1590515, -0.03973758, 0.1466508, -0.1037174, -0.8548458, -0.8711709
 69617004, -0.2894583, -0.1320796, -0.9198935, -0.938035, -0.2675574, 0.1049853, 2.233954, 2.258461, -0.1502773, -0.06373969, -0.5297991, -0.5073804, -0.2813436, 0.1332613, -0.04109876, 0.01970644, -0.1062769, -0.8568954, -0.8721021
 69617038, -0.2696019, -0.1221328, -0.9280621, -0.9405594, -0.2652468, 0.05851661, 2.275046, 2.233806, -0.157313, -0.05936597, -0.5323741, -0.509513, -0.2792705, 0.1354639, 0.01296791, 0.02241904, -0.1158808, -0.8594776, -0.8727072
 69617072, -0.2710628, -0.1276629, -0.9304608, -0.9355478, -0.2639002, 0.0419509, 2.263738, 2.230028, -0.166075, -0.03208002, -0.5240567, -0.4984029, -0.2782356, 0.1375755, 0.03963117, 0.05084767, -0.1294482, -0.861281, -0.8687155
 69617105, -0.2488631, -0.1133598, -0.921544, -0.9136204, -0.2512362, 0.03763445, 2.282573, 2.232227, -0.1565475, -0.0204892, -0.5231982, -0.4949689, -0.2773031, 0.1395751, 0.09695049, 0.08542407, -0.122296, -0.8549736, -0.8351113
 69617136, -0.1832691, -0.06266128, -0.9171151, -0.9127266, -0.2401412, 0.02843637, 2.269236, 2.229005, -0.1278087, -0.006119537, -0.5136731, -0.4938784, -0.275407, 0.1493679, 0.1216881, 0.1148852, -0.108199, -0.862364, -0.8442441
 69617172, -0.10456, 0.009200864, -0.9164537, -0.917066, -0.2421616, 0.02891572, 2.256059, 2.227809, -0.1050608, 0.01091811, -0.5149735, -0.5037239, -0.274682, 0.149908, 0.1686816, 0.1320598, -0.09171518, -0.8602356, -0.8530142
 69617204, -0.06832565, 0.05837711, -0.9236288, -0.9194662, -0.2370384, 0.0360362, 2.22505, 2.228561, -0.07732332, 0.02587188, -0.5006765, -0.5083212, -0.2724545, 0.1522066, 0.176854, 0.1349913, -0.05291122, -0.8673808, -0.8598452
 69617236, -0.002997818, 0.08754325, -0.9304801, -0.9231339, -0.2388926, 0.04619544, 2.225732, 2.228321, -0.05883928, 0.02699419, -0.4645947, -0.505352, -0.2656541, 0.1567508, 0.1924864, 0.1275702, -0.03286644, -0.8545387, -0.8631406
 69617272, 0.05986798, 0.1511065, -0.9385052, -0.9293857, -0.2734072, 0.06726365, 2.30386, 2.240457, -0.03718484, 0.04207968, -0.4642603, -0.508023, -0.2639359, 0.1625943, 0.1863431, 0.1017093, 0.003166481, -0.8558497, -0.8730249
 69617305, 0.05323268, 0.1530658, -0.9432153, -0.9289677, -0.2783655, 0.07181236, 2.286851, 2.232404, -0.02287661, 0.07398508, -0.4873025, -0.5144613, -0.259916, 0.1688909, 0.1513294, 0.07260495, 0.01580437, -0.8747233, -0.8781061
 69617338, 0.04612666, 0.1550395, -0.9445344, -0.9324542, -0.2616277, 0.1370361, 2.265404, 2.273156, -0.01758196, 0.07965377, -0.4917929, -0.5116152, -0.2660838, 0.1771438, 0.1083706, 0.05371432, 0.001580633, -0.8769199, -0.8759775
 69617373, 0.03858068, 0.1556041, -0.9483602, -0.9393485, -0.2706949, 0.1468981, 2.266048, 2.279074, -0.01665682, 0.07150082, -0.4956023, -0.5108527, -0.2674696, 0.1101046, 0.08580701, 0.07575081, 0.0005966052, -0.8791181, -0.8779111
 69617404, 0.03124033, 0.1533592, -0.949892, -0.941435, -0.2688614, 0.1531209, 2.264105, 2.279023, -0.01185693, 0.06688495, -0.4980096, -0.5140119, -0.2713453, 0.1238015, 0.06133342, 0.05241074, 0.004516937, -0.881357, -0.8785597
 69617436, 0.05288394, 0.1531606, -0.9405074, -0.943068, -0.266305, 0.1331399, 2.25976, 2.234122, -0.006714949, 0.06581498, -0.4991836, -0.516816, -0.2643669, 0.186503, 0.05797961, -0.04125608, 0.0571515, -0.8786312, -0.8810742
 69617472, 0.05136747, 0.1540266, -0.9408033, -0.9428707, -0.2320388, 0.1363273, 2.236362, 2.238414, -0.007450422, 0.06960596, -0.5072191, -0.5218807, -0.2581526, 0.1900814, 0.06141561, -0.02525505, 0.05841076, -0.8828193, -0.8810166
 69617506, 0.03625081, 0.1548686, -0.941117, -0.9396625, -0.2078529, 0.1356521, 2.224971, 2.250676, -0.02532494, 0.07121761, -0.5181067, -0.5249575, -0.2474919, 0.1908289, 0.06717098, 0.004339933, 0.06951381, -0.8812294, -0.8787872
 69617540, 0.0334714, 0.1528727, -0.936754, -0.934617, -0.2040362, 0.1381977, 2.203837, 2.266603, -0.0401124, 0.05092398, -0.5102195, -0.5268339, -0.2116487, 0.1872419, 0.07452198, 0.04443698, 0.06874048, -0.8779442, -0.8781443
 69617576, 0.03213553, 0.1289398, -0.9323519, -0.9279279, -0.1905903, 0.1394898, 2.252169, 2.287969, -0.06078135, 0.02601456, -0.4741527, -0.5248611, -0.246093, 0.1828712, 0.1531716, 0.08886428, 0.06813964, -0.8647638, -0.870733
 69617608, -0.0413384, 0.05595504, -0.9222256, -0.9243237, -0.1862462, 0.134904, 2.251336, 2.308395, -0.09380666, 0.01012662, -0.517159, -0.5254099, -0.247382, 0.1803195, 0.1563091, 0.09749378, 0.06188285, -0.8686244, -0.8655841
 69617643, -0.1207586, 0.004907058, -0.9174093, -0.9102142, -0.1959847, 0.1304561, 2.261142, 2.318159, -0.1029698, 0.001828586, -0.5134923, -0.5194627, -0.2508318, 0.1755399, 0.1605953, 0.1135763, 0.04354871, -0.8518093, -0.8534023
 69617681, -0.1644515, -0.06557072, -0.9190878, -0.9225433, -0.1861567, 0.1460648, 2.25147, 2.347908, -0.1078358, -0.01040367, -0.5169753, -0.5118568, -0.2511861, 0.1670608, 0.1401636, 0.1566695, 0.03255777, -0.8680962, -0.86814
 69617714, -0.1956979, -0.1116102, -0.9252247, -0.9301667, -0.1952671, 0.1457648, 2.248034, 2.3564, -0.1202801, -0.04196685, -0.5172446, -0.5111821, -0.2554268, 0.1665966, 0.1283637, 0.1537692, 0.01438566, -0.8690819, -0.8842354
 69617744, -0.1993921, -0.10684, -0.9209981, -0.9385615, -0.2072174, 0.1541611, 2.236815, 2.36189, -0.1317324, -0.05062491, -0.5091324, -0.5108401, -0.2643484, 0.1597163, 0.0794991, 0.1335552, -0.0116354, -0.8610326, -0.8792296
 69617774, -0.2317835, -0.1137053, -0.9284031, -0.9463139, -0.2342026, 0.1388271, 2.251125, 2.335623, -0.1460005, -0.05385125, -0.5102736, -0.5127591, -0.2643163, 0.1619793, 0.05631715, 0.1215617, -0.02160238, -0.8644297, -0.8809431
 69617808, -0.2392341, -0.1219613, -0.9314374, -0.9522603, -0.242219, 0.1281456, 2.241248, 2.300252, -0.142963, -0.06075519, -0.5104653, -0.5138463, -0.2678296, 0.1610647, 0.006262097, 0.1069101, -0.03900836, -0.8638093, -0.8852739
 69617837, -0.2388601, -0.1461133, -0.9327552, -0.9470729, -0.249925, 0.1171604, 2.224917, 2.290909, -0.1381089, -0.06262989, -0.5184714, -0.5192168, -0.26661, 0.1213521, -0.04480407, 0.10412, -0.04119295, -0.864812, -0.8909745
 69617868, -0.2386466, -0.1382048, -0.9332609, -0.9429024, -0.2562254, 0.1250002, 2.231974, 2.266906, -0.1358978, -0.06196024, -0.5252361, -0.521076, -0.2663947, 0.1667272, -0.04841532, -0.02224119, -0.04797826, -0.8651973, -0.879079
 69617900, -0.2377554, -0.1411485, -0.933032, -0.9474664, -0.2575814, 0.121945, 2.24579, 2.257619, -0.1381468, -0.05278371, -0.5440857, -0.5246181, -0.2678472, 0.1679223, -0.04282749, -0.02175515, -0.05289819, -0.8656675, -0.8840457
 69617933, -0.2478479, -0.1266846, -0.9359901, -0.9470026, -0.2546951, 0.10987, 2.247233, 2.254544, -0.1392464, -0.03635636, -0.5410958, -0.5167843, -0.2598211, 0.1641902, -0.04322743, 0.007252049, -0.06355818, -0.8670716, -0.8800907
 69617968, -0.2227527, -0.1143859, -0.9282435, -0.9387274, -0.2456428, 0.09986671, 2.295346, 2.259453, -0.09744537, -0.02188866, -0.5278523, -0.5027155, -0.2706453, 0.1670076, 0.04692678, 0.03902975, -0.08031642, -0.8616458, -0.8707122
 69618000, -0.19984, -0.09422936, -0.9230759, -0.9246292, -0.2493757, 0.06942997, 2.28929, 2.237789, -0.0880366, -0.005361808, -0.5294402, -0.4776675, -0.269336, 0.1672149, 0.09342601, 0.0775312, -0.08115444, -0.8699706, -0.8543748
 69618033, -0.1397526, -0.09971023, -0.9244902, -0.9182585, -0.2339561, 0.06642576, 2.297993, 2.238688, -0.06226148, 0.00235204, -0.5393892, -0.4812869, -0.2685575, 0.1669556, 0.09923543, 0.09879442, -0.07591403, -0.8696359, -0.8647031
 69618069, -0.0684616, -0.03131526, -0.9251615, -0.9172428, -0.2206924, 0.07337863, 2.292904, 2.241214, -0.05207428, 0.001392744, -0.5339359, -0.4814546, -0.2606663, 0.1740528, 0.1564214, 0.1264205, -0.07033553, -0.8699314, -0.869391
 69618100, 0.005678491, 0.04808136, -0.9287918, -0.923502, -0.2225997, 0.07468413, 2.301224, 2.240166, -0.01048417, 0.01651216, -0.5050941, -0.5123052, -0.2572343, 0.1776363, 0.1667844, 0.1289672, -0.05400664, -0.8794317, -0.859081
 69618138, 0.06486902, 0.1165774, -0.9357265, -0.9313046, -0.2224924, 0.08371926, 2.300987, 2.236802, -0.01274035, 0.03071117, -0.4949667, -0.5111802, -0.2524153, 0.1839154, 0.1671502, 0.1181302, -0.03373715, -0.8873851, -0.8702822
 69618174, 0.03708858, 0.1411917, -0.9426035, -0.9313344, -0.2214043, 0.1021288, 2.300679, 2.232792, -0.01129124, 0.07779902, -0.4975193, -0.5136807, -0.2472758, 0.1992714, 0.1561819, 0.07611211, -0.00664643, -0.8849012, -0.8741371
 69618208, 0.03298498, 0.1648806, -0.9411584, -0.930473, -0.2118761, 0.1530504, 2.281699, 2.260294, -0.001800238, 0.1267812, -0.5081872, -0.5183026, -0.2328489, 0.2020465, 0.1025277, 0.05779934, 0.0110587, -0.8810966, -0.858906
 69618247, 0.01970312, 0.1738218, -0.9372862, -0.9347077, -0.216837, 0.1711627, 2.297593, 2.245631, 0.001731574, 0.1301983, -0.5087113, -0.517253, -0.2321354, 0.2068277, 0.08788258, 0.008933411, 0.03190012, -0.8815672, -0.8611339
 69618283, 0.03203733, 0.1728414, -0.9440687, -0.9353091, -0.2170136, 0.1763559, 2.288587, 2.232152, 0.01055954, 0.1099689, -0.5128448, -0.529392, -0.2340597, 0.2096649, 0.05309052, -0.0187425, 0.0442806, -0.8824863, -0.8637296
 69618314, 0.05266758, 0.1703991, -0.9392507, -0.9378073, -0.2177965, 0.1756968, 2.291763, 2.219917, 0.01368054, 0.1015161, -0.5113647, -0.5360854, -0.2359712, 0.2113704, 0.03441186, -0.04092209, 0.05232371, -0.8810351, -0.8749833
 69618346, 0.05294045, 0.1697761, -0.9401573, -0.9382923, -0.2183636, 0.176035, 2.301145, 2.218021, 0.01449604, 0.09827375, -0.5132478, -0.5429478, -0.2277977, 0.2108168, 0.02847878, -0.0453255, 0.05886552, -0.880558, -0.8754259
 69618377, 0.04187357, 0.169606, -0.9497936, -0.9376345, -0.2091242, 0.1742957, 2.311299, 2.222418, 0.01233411, 0.1045328, -0.5215003, -0.5508876, -0.2277443, 0.2123362, 0.01608258, -0.04634445, 0.06107678, -0.8812429, -0.8746026
 69618408, 0.04282619, 0.1718508, -0.9475872, -0.9364303, -0.1949829, 0.1509304, 2.308221, 2.200875, -0.002693396, 0.108656, -0.5201372, -0.5491217, -0.225581, 0.2119319, 0.0261742, -0.04629075, 0.06723514, -0.8800716, -0.8701469
 69618440, 0.04252715, 0.1693197, -0.9475247, -0.9334197, -0.190921, 0.1662486, 2.31174, 2.258751, -0.0339857, 0.08455563, -0.5127082, -0.5251909, -0.2159192, 0.2130708, 0.0594155, 0.02772456, 0.06477366, -0.8799365, -0.8669598
 69618473, 0.01843268, 0.1649366, -0.9309309, -0.9323635, -0.1951036, 0.1236632, 2.326966, 2.253411, -0.04206116, 0.07162134, -0.5103728, -0.5196543, -0.2151588, 0.2083207, 0.0984003, 0.05907306, 0.06108968, -0.8759892, -0.8709678
 69618508, 0.01725174, 0.09709032, -0.9261162, -0.9230303, -0.1911054, 0.1107854, 2.301941, 2.247596, -0.0616946, 0.04518753, -0.5059122, -0.5192902, -0.2153296, 0.2046342, 0.1026484, 0.08375756, 0.04886823, -0.8673117, -0.8627414
 69618542, -0.05850564, 0.0443682, -0.9131316, -0.911272, -0.1917568, 0.1366666, 2.298977, 2.301704, -0.08612274, 0.02474104, -0.5049971, -0.5205854, -0.2150695, 0.1976029, 0.1052658, 0.1338837, 0.03760137, -0.854089, -0.8469346
 69618575, -0.09694289, -0.006262523, -0.9219679, -0.9188507, -0.1934334, 0.1370585, 2.297914, 2.30344, -0.08591185, -0.003220774, -0.5046594, -0.5029138, -0.2172136, 0.1979952, 0.1109218, 0.1496913, 0.02925114, -0.8659493, -0.8629252
 69618609, -0.127889, -0.05923716, -0.9400837, -0.9310331, -0.2009957, 0.1754221, 2.29766, 2.36049, -0.08253402, -0.0008717403, -0.5027023, -0.4899087, -0.2193398, 0.1914712, 0.105286, 0.1549761, 0.01084799, -0.8855417, -0.8818924
 69618642, -0.1547425, -0.05507466, -0.925477, -0.9278452, -0.2034376, 0.1644046, 2.297286, 2.372451, -0.09507404, 0.001445085, -0.5014747, -0.4799918, -0.2239671, 0.2664718, 0.09435615, 0.2979869, -0.002425712, -0.861421, -0.8763552
 69618680, -0.1701411, -0.05186392, -0.9262508, -0.9325831, -0.2224999, 0.1869993, 2.294007, 2.406461, -0.128535, -0.02250537, -0.4989149, -0.476331, -0.2371532, 0.2608519, 0.05048806, 0.2525979, -0.01001289, -0.8645549, -0.876829
 69618718, -0.1797831, -0.05670732, -0.9280399, -0.9378329, -0.2415207, 0.1748799, 2.291438, 2.388395, -0.1284235, -0.02837974, -0.5063799, -0.5000345, -0.2427712, 0.2218228, 0.02474822, 0.2444286, -0.01645854, -0.8665128, -0.8749757
 69618748, -0.1797273, -0.04623087, -0.9299722, -0.9443101, -0.253268, 0.1509861, 2.294073, 2.383211, -0.1196745, -0.03181818, -0.5065291, -0.504153, -0.2447615, 0.1636907, -0.03043178, 0.1908461, -0.01759177, -0.8678004, -0.8782973
 69618775, -0.1795278, -0.08902456, -0.9309924, -0.9438417, -0.2556351, 0.1547796, 2.295423, 2.38328, -0.1085239, -0.0341325, -0.5130549, -0.5150815, -0.2465766, 0.1714729, -0.04060465, 0.2170233, -0.03363325, -0.8677369, -0.8819962
 69618810, -0.1887308, -0.08722881, -0.930304, -0.9376938, -0.2570302, 0.1405916, 2.311553, 2.273891, -0.1085276, -0.02760705, -0.5131372, -0.5115799, -0.250884, 0.1846081, -0.03596237, 0.05788559, -0.04172084, -0.8676982, -0.8703028
 69618846, -0.1740477, -0.08083065, -0.9327782, -0.9392596, -0.2541856, 0.1122036, 2.337219, 2.278223, -0.10928, -0.02378117, -0.5156642, -0.5157117, -0.2597367, 0.1923293, 0.01498392, 0.02249167, -0.04714007, -0.8672214, -0.8701993
 69618881, -0.1751239, -0.07795937, -0.9322675, -0.9364359, -0.243791, 0.03653321, 2.354679, 2.25418, -0.1246011, -0.01045492, -0.5242046, -0.512038, -0.2627614, 0.1903522, 0.03970272, 0.03706091, -0.055686, -0.8660713, -0.8685319
 69618913, -0.1714056, -0.07437237, -0.9320429, -0.9090397, -0.2443939, 0.0454206, 2.366736, 2.286471, -0.1274465, 0.0043653, -0.5262047, -0.4990538, -0.2729701, 0.1872117, 0.09727946, 0.0954584, -0.05492649, -0.8661624, -0.8603747
 69618946, -0.162736, -0.06915553, -0.9282804, -0.9286718, -0.2357128, 0.03929371, 2.358209, 2.29298, -0.1034492, 0.01265364, -0.5123428, -0.5031911, -0.2708898, 0.1810848, 0.1082708, 0.1244966, -0.0511846, -0.8627477, -0.8565063
 69618978, -0.1315074, -0.01291489, -0.9198198, -0.9126958, -0.231144, 0.06325599, 2.378265, 2.263206, -0.08150312, 0.02166679, -0.5051682, -0.5017028, -0.2726396, 0.1846644, 0.1822118, 0.1405046, -0.04756628, -0.8603213, -0.8361931
 69619009, -0.06905466, 0.05120654, -0.9145681, -0.9116953, -0.2298879, 0.07190949, 2.375984, 2.261412, -0.04569086, 0.03403493, -0.5087231, -0.5094957, -0.270851, 0.1865441, 0.1892284, 0.1421999, -0.0378853, -0.864293, -0.8484607
 69619046, -0.005302267, 0.1128006, -0.9234436, -0.9146895, -0.2268379, 0.1299494, 2.372047, 2.278319, -0.02843802, 0.03803226, -0.4736711, -0.5056716, -0.264824, 0.1918174, 0.197031, 0.1414267, -0.01866659, -0.8648427, -0.8477168
 69619077, 0.05722586, 0.1477916, -0.9243774, -0.92445, -0.2222893, 0.1701957, 2.365597, 2.283425, -0.02760349, 0.05651776, -0.4710299, -0.5064036, -0.2621623, 0.2055457, 0.1965441, 0.1319584, 0.005911203, -0.8635024, -0.8623446
 69619110, 0.05409954, 0.1585124, -0.9100474, -0.9293393, -0.2194317, 0.1747887, 2.35764, 2.267942, -0.01476986, 0.07827155, -0.4685788, -0.5166686, -0.2558139, 0.2154064, 0.1859596, 0.09702275, 0.02775892, -0.8581204, -0.8667567
 69619145, 0.06960263, 0.1627383, -0.9141172, -0.9301741, -0.2091088, 0.1948294, 2.334733, 2.25912, -0.009600699, 0.08679394, -0.4764152, -0.5149646, -0.2563849, 0.2164248, 0.1723229, 0.05699493, 0.04496089, -0.8633396, -0.8679246
 69619177, 0.07622617, 0.1626365, -0.9242094, -0.930792, -0.2043823, 0.1970851, 2.31299, 2.253634, 0.0008755769, 0.08743219, -0.4834236, -0.5151716, -0.2334125, 0.2124196, 0.08218863, 0.03184517, 0.06170902, -0.8673358, -0.8692992
 69619210, 0.08942549, 0.1617003, -0.9291713, -0.9314084, -0.2089991, 0.195617, 2.297815, 2.224476, 0.01510832, 0.078834, -0.4906602, -0.5173603, -0.2333446, 0.2143206, 0.04847732, -0.02487872, 0.07519276, -0.8722016, -0.870978
 69619247, 0.07405729, 0.1689506, -0.9500985, -0.933811, -0.2125437, 0.1989931, 2.299472, 2.235356, 0.03229284, 0.0805248, -0.5086512, -0.5329645, -0.2348222, 0.2125327, 0.04003477, -0.03225835, 0.07682367, -0.8826628, -0.8730274
 69619278, 0.07548105, 0.1698247, -0.9489266, -0.9340936, -0.2125587, 0.1872363, 2.302796, 2.236997, 0.03111771, 0.08323792, -0.5122344, -0.5396512, -0.2405506, 0.2118852, 0.03681009, -0.03217518, 0.07697496, -0.8845817, -0.873011
 69619307, 0.07084651, 0.1694888, -0.9513882, -0.9336975, -0.1976654, 0.1674683, 2.301155, 2.262621, 0.01980002, 0.09283999, -0.5168349, -0.5493437, -0.246296, 0.2058329, 0.04387348, -0.008919746, 0.0782002, -0.8870425, -0.8714324
 69619342, 0.06983292, 0.1685411, -0.9529172, -0.9331868, -0.1858997, 0.1631885, 2.301013, 2.269075, 0.004857794, 0.09130028, -0.5145509, -0.5524749, -0.2428381, 0.1981077, 0.05203259, 0.01357915, 0.07474592, -0.8883064, -0.8715864
 69619374, 0.06874278, 0.1648385, -0.9384422, -0.9323674, -0.2065735, 0.1261232, 2.333722, 2.30682, -0.02877423, 0.0720818, -0.476817, -0.543547, -0.2677073, 0.1819617, 0.1503221, 0.08528645, 0.0673572, -0.861434, -0.8715805
 69619406, 0.04442353, 0.10941, -0.92234, -0.913705, -0.2062832, 0.1216151, 2.339221, 2.318621, -0.03652045, 0.04431175, -0.4779242, -0.5245459, -0.2674168, 0.1774535, 0.1731669, 0.1032923, 0.05757725, -0.8724569, -0.8594002
 69619441, -0.02980958, 0.072479, -0.9175892, -0.9067796, -0.2066103, 0.1107826, 2.336217, 2.338622, -0.07439688, 0.03260027, -0.4721739, -0.5018238, -0.2715996, 0.1666211, 0.1859346, 0.133326, 0.04723921, -0.8634296, -0.8490349
 69619474, -0.100663, 0.03408996, -0.9154676, -0.9068551, -0.2161635, 0.1070956, 2.333336, 2.344141, -0.1091273, 0.0258073, -0.484342, -0.4902327, -0.2729329, 0.161512, 0.1860655, 0.143696, 0.03721795, -0.8569419, -0.8378784
 69619510, -0.1741352, -0.01532286, -0.92279, -0.9152653, -0.2222382, 0.09855197, 2.324451, 2.349506, -0.1204227, 0.01558996, -0.4830851, -0.4865725, -0.2846938, 0.1535378, 0.1772234, 0.1450464, 0.02154175, -0.8754844, -0.8437472
 69619542, -0.2267139, -0.06554892, -0.9197973, -0.913823, -0.2484424, 0.1238482, 2.325837, 2.39866, -0.1416741, -0.005991623, -0.4840399, -0.4820555, -0.298239, 0.17565, 0.1642117, 0.235143, -0.006781325, -0.8640495, -0.8476964
 69619575, -0.2460346, -0.09770759, -0.9311882, -0.9371189, -0.267789, 0.1007434, 2.329567, 2.349289, -0.1538672, -0.01586126, -0.4939187, -0.4771665, -0.3106011, 0.1093654, 0.1187614, 0.2309024, -0.02843497, -0.8699378, -0.8629872
 69619609, -0.249503, -0.09925066, -0.9310064, -0.9394904, -0.2726297, 0.1142713, 2.321048, 2.367429, -0.1616766, -0.04176019, -0.5104679, -0.503213, -0.293817, 0.104543, 0.04379078, 0.2034698, -0.05864036, -0.8654922, -0.8637738
 69619641, -0.2525549, -0.09954746, -0.9338449, -0.9414282, -0.2806519, 0.1167202, 2.316393, 2.359391, -0.1627136, -0.04935702, -0.5140483, -0.505276, -0.2567422, 0.118555, 0.0231189, 0.1834623, -0.07895775, -0.8657398, -0.8701459
 69619674, -0.2526519, -0.1034662, -0.9342582, -0.9528906, -0.2844078, 0.1129257, 2.322467, 2.330058, -0.15483, -0.05430288, -0.5198718, -0.5070254, -0.2824999, 0.1158842, -0.06712877, 0.1657373, -0.105415, -0.8664137, -0.8840699
 69619710, -0.2587598, -0.1042029, -0.9362741, -0.9516892, -0.2924131, 0.1184618, 2.343061, 2.29662, -0.1558124, -0.05546466, -0.52556, -0.5132108, -0.2878873, 0.1369557, -0.07430059, 0.04617371, -0.1214782, -0.8670408, -0.8827854
 69619743, -0.2575251, -0.1042771, -0.9357307, -0.9508599, -0.2934876, 0.1175536, 2.351337, 2.291617, -0.1602138, -0.04944086, -0.5293393, -0.5248011, -0.2958398, 0.1726429, -0.06862722, 0.02794335, -0.1245814, -0.8668489, -0.882027
 69619774, -0.2563324, -0.1053599, -0.9362941, -0.9496741, -0.3080475, 0.09236255, 2.351931, 2.251291, -0.1642873, -0.0427646, -0.5360004, -0.5269287, -0.3013499, 0.1341469, -0.05585448, 0.04931125, -0.1342515, -0.8679609, -0.8814167
 69619806, -0.2499461, -0.1036634, -0.9366495, -0.9422257, -0.3095028, 0.06253128, 2.381127, 2.253001, -0.1680365, -0.03209241, -0.5344435, -0.5172892, -0.3123187, 0.1333529, 0.04117844, 0.08028239, -0.1402292, -0.86826, -0.8689314
 69619838, -0.2381045, -0.09673704, -0.9245875, -0.9313496, -0.3109304, 0.04417714, 2.394433, 2.267946, -0.1620462, -0.02354859, -0.5294381, -0.5032923, -0.3126106, 0.1277712, 0.08933207, 0.1219403, -0.1417577, -0.8521032, -0.8599727
 69619871, -0.1847246, -0.08572161, -0.9181885, -0.9261073, -0.3040948, 0.0408142, 2.400434, 2.273166, -0.1451803, -0.01038898, -0.5257074, -0.4872205, -0.3127826, 0.1302913, 0.1252628, 0.1623625, -0.1439232, -0.8569419, -0.8526096
 69619906, -0.1238366, -0.03211684, -0.9075341, -0.9085168, -0.3006143, 0.04066584, 2.399843, 2.278708, -0.1127718, -0.001806757, -0.5077984, -0.4832632, -0.3099624, 0.1298075, 0.14669, 0.1665301, -0.1391337, -0.8542011, -0.8354796
 69619939, -0.05313457, 0.01926362, -0.9079176, -0.9034785, -0.2920634, 0.04095575, 2.38598, 2.279174, -0.08063963, 0.01070887, -0.5054175, -0.498323, -0.3114683, 0.1305531, 0.1561767, 0.1681476, -0.1279768, -0.860075, -0.8326021
 69619971, -0.009440135, 0.05953823, -0.9187176, -0.9163153, -0.2840654, 0.05754365, 2.380123, 2.299267, -0.0769832, 0.01248206, -0.4846054, -0.4900174, -0.307502, 0.1322777, 0.1707466, 0.1616819, -0.1096759, -0.8776683, -0.8406352
 69620008, 0.03267958, 0.08240406, -0.9354648, -0.9220246, -0.2735687, 0.08941999, 2.3626, 2.315454, -0.07572258, 0.02856451, -0.4776925, -0.4877573, -0.3018304, 0.1403757, 0.2154752, 0.1160632, -0.08751494, -0.8897463, -0.8607797
 69620039, 0.02489729, 0.09819813, -0.9336912, -0.9227003, -0.2697648, 0.1301062, 2.345134, 2.337884, -0.02487759, 0.03866829, -0.4778353, -0.5090034, -0.2925348, 0.1390927, 0.1393868, 0.1036219, -0.0478665, -0.866055, -0.8689539
 69620072, 0.0272082, 0.1366348, -0.9356906, -0.9351281, -0.2713006, 0.1344429, 2.359742, 2.330162, -0.02257097, 0.06473374, -0.4753847, -0.5224966, -0.268842, 0.1453445, 0.204273, 0.04937426, -0.03132261, -0.8586291, -0.8703854
 69620107, -0.01177905, 0.1316382, -0.9003222, -0.9363232, -0.2470763, 0.1376137, 2.315739, 2.29069, -0.06077775, 0.06312446, -0.4616223, -0.5243426, -0.240576, 0.1411812, 0.1619689, -0.0193531, -0.01490908, -0.8386286, -0.8736206
 69620139, 0.02818005, 0.1102121, -0.9286562, -0.9350805, -0.2588488, 0.1490544, 2.334228, 2.293052, -0.06014989, 0.05839098, -0.4623681, -0.5257367, -0.2854425, 0.1386477, 0.1927511, -0.03441189, -0.008318022, -0.8355971, -0.8744739
 69620171, 0.02823902, 0.1099426, -0.9459472, -0.9371239, -0.2526757, 0.1526358, 2.27305, 2.290619, -0.04149636, 0.05735837, -0.5150372, -0.5386904, -0.2812449, 0.137559, 0.009616355, -0.04804738, 0.01714745, -0.8784616, -0.8772652
 69620207, 0.03156668, 0.1104249, -0.9514413, -0.9368629, -0.2466099, 0.1515535, 2.271373, 2.29603, -0.02705959, 0.05224031, -0.5125341, -0.5553623, -0.2855171, 0.1357305, 0.01777995, -0.04512485, 0.01744607, -0.8834457, -0.8773394
 69620239, 0.03034873, 0.1113747, -0.9417931, -0.9349093, -0.2332578, 0.1167153, 2.268897, 2.310802, -0.02842979, 0.04665475, -0.5094144, -0.5573422, -0.2907358, 0.1250403, 0.03306071, -0.00298968, 0.02086136, -0.8730364, -0.8747653
 69620271, 0.0318204, 0.1064894, -0.9417237, -0.9304737, -0.2154798, 0.1179353, 2.288682, 2.329725, -0.0682084, 0.03091952, -0.5061386, -0.5615714, -0.3026805, 0.119618, 0.08504412, 0.02759538, 0.00949329, -0.8798547, -0.8723649
 69620309, 0.02269348, 0.1022111, -0.933929, -0.9255458, -0.1938781, 0.09529666, 2.248874, 2.344052, -0.1010752, 0.01472711, -0.5007823, -0.5527373, -0.304422, 0.1119223, 0.106044, 0.07770874, 0.0008045716, -0.8750312, -0.8701261
 69620342, -0.01468225, 0.05080296, -0.9168106, -0.9152677, -0.2060219, 0.09414165, 2.260553, 2.363953, -0.11211, -0.006008957, -0.5043066, -0.5278549, -0.3175138, 0.1141625, 0.1563268, 0.1059466, -0.01253934, -0.8637737, -0.8626077
 69620375, -0.1258507, 0.004924906, -0.9284179, -0.9044642, -0.2759742, 0.08546112, 2.297047, 2.38357, -0.1443622, -0.04194442, -0.5028517, -0.5103778, -0.3223811, 0.1094792, 0.1619329, 0.1499513, -0.0311249, -0.8639429, -0.8510625
 69620411, -0.2014587, -0.07768864, -0.9226646, -0.9170986, -0.278545, 0.08430825, 2.302429, 2.385624, -0.1641133, -0.05558053, -0.4984618, -0.4984909, -0.3352132, 0.1038811, 0.1670384, 0.1558375, -0.04853948, -0.8671441, -0.8565913
 69620446, -0.2830762, -0.1584834, -0.926405, -0.9216086, -0.301883, 0.07740846, 2.314318, 2.385673, -0.1783923, -0.07164477, -0.4960741, -0.4837732, -0.3449932, 0.09934967, 0.1679719, 0.1750358, -0.06594572, -0.8794342, -0.877073
 69620477, -0.3342638, -0.183227, -0.9294911, -0.9190068, -0.3262938, 0.07530287, 2.306966, 2.396238, -0.1915874, -0.1049668, -0.4951019, -0.4698201, -0.3632929, 0.08756811, 0.1484956, 0.2135452, -0.0896021, -0.8716514, -0.8628136
 69620512, -0.3346094, -0.1627876, -0.9286252, -0.9227275, -0.3325175, 0.06573937, 2.284852, 2.399225, -0.212409, -0.1244269, -0.5014576, -0.4657394, -0.3764737, 0.05928425, 0.09148932, 0.2586814, -0.1190138, -0.8640093, -0.8694314
 69620543, -0.3418721, -0.1628053, -0.9286075, -0.9274542, -0.3400725, 0.06825282, 2.281939, 2.401128, -0.2205974, -0.1300362, -0.510794, -0.494848, -0.3727287, 0.08813387, 0.04880632, 0.2434384, -0.126254, -0.8642706, -0.8684136
 69620578, -0.3367447, -0.1706055, -0.9312322, -0.923228, -0.360812, 0.06641187, 2.297674, 2.426419, -0.2194632, -0.1345586, -0.5107532, -0.4772916, -0.3560048, 0.08655269, -0.007676244, 0.2047495, -0.1318306, -0.8680471, -0.8630829
 69620613, -0.3383288, -0.1751982, -0.9330557, -0.9341695, -0.3615457, 0.06099371, 2.280054, 2.423235, -0.21935, -0.1353077, -0.5154276, -0.5015413, -0.3652927, 0.07852238, -0.04844129, 0.1812875, -0.1630632, -0.8696566, -0.8711462
 69620645, -0.3391292, -0.1726489, -0.9339837, -0.9330432, -0.3632324, 0.04960807, 2.297851, 2.399966, -0.2266314, -0.1346319, -0.5250185, -0.504074, -0.3687812, 0.0581514, -0.04955296, 0.136168, -0.1633711, -0.8704271, -0.8711231
 69620680, -0.3398687, -0.1987473, -0.9331985, -0.9294146, -0.3597801, 0.03272689, 2.328867, 2.334978, -0.2272093, -0.1323757, -0.5266975, -0.5079916, -0.3746384, 0.06980462, -0.02817681, 0.009527429, -0.1671748, -0.869531, -0.8703278
 69620717, -0.3403857, -0.1994155, -0.9330332, -0.9210239, -0.3561985, 0.01146091, 2.337845, 2.319058, -0.2335523, -0.1237505, -0.5274051, -0.5103762, -0.3760424, 0.06696489, 0.02070928, 0.01283024, -0.1768723, -0.869306, -0.8665022
 69620742, -0.33495, -0.1854586, -0.9303826, -0.9187874, -0.3452971, 0.00752707, 2.345754, 2.315693, -0.2332928, -0.1092944, -0.5286959, -0.4991915, -0.3718653, 0.06211052, 0.05559851, 0.05177773, -0.1861906, -0.8659024, -0.8577673
 69620776, -0.3268922, -0.1857991, -0.9046891, -0.918671, -0.3407582, 0.01917067, 2.354967, 2.321081, -0.2313369, -0.09504271, -0.5243488, -0.4811289, -0.3694437, 0.06453273, 0.09203538, 0.1049481, -0.1935032, -0.8580408, -0.8542838
 69620804, -0.2694447, -0.1590652, -0.9124583, -0.91562, -0.3324528, 0.01508151, 2.340038, 2.310291, -0.1967585, -0.08905375, -0.5074025, -0.4823154, -0.3647408, 0.07894369, 0.1032122, 0.1359184, -0.1946808, -0.855579, -0.847867
 69620837, -0.2108165, -0.101513, -0.9098608, -0.9047999, -0.3317226, 0.01857539, 2.356678, 2.305084, -0.1932664, -0.071503, -0.5081244, -0.4857188, -0.3640811, 0.07989354, 0.1543764, 0.1392228, -0.1885001, -0.8562032, -0.8398459
 69620872, -0.1578406, -0.0448503, -0.919262, -0.9180642, -0.3238951, 0.07181982, 2.352514, 2.334436, -0.1548772, -0.0504965, -0.5204893, -0.5110499, -0.3612787, 0.08110008, 0.15907, 0.1385069, -0.1724181, -0.86456, -0.8445081
 69620904, -0.09878009, 0.01630228, -0.9380978, -0.9355829, -0.3213398, 0.07850182, 2.351958, 2.319201, -0.1432551, -0.04564126, -0.5157942, -0.5109195, -0.3552247, 0.08876441, 0.1539568, 0.1136776, -0.1647011, -0.8903593, -0.8683941
 69620937, -0.1051601, 0.03329735, -0.9475212, -0.9322594, -0.316346, 0.09512501, 2.353278, 2.317539, -0.1286288, -0.03564923, -0.514142, -0.51832, -0.350297, 0.09643356, 0.1414775, 0.09011507, -0.1358038, -0.8923145, -0.8805881
 69620973, -0.07717471, 0.03697199, -0.9487361, -0.9309102, -0.3132357, 0.1030687, 2.347295, 2.312518, -0.1187811, -0.01192481, -0.515427, -0.532388, -0.3366482, 0.09850758, 0.09371534, 0.05482437, -0.1078203, -0.8845557, -0.8728253
 69621004, -0.07893014, 0.04166529, -0.9018554, -0.9310868, -0.2782535, 0.1096183, 2.306328, 2.298208, -0.1354883, -0.01233635, -0.4609856, -0.5311501, -0.3327052, 0.09647701, 0.06736842, 0.01159499, -0.08808919, -0.8448689, -0.8723455
 69621037, -0.06558111, 0.04129587, -0.9347262, -0.9313653, -0.2872139, 0.1101219, 2.313297, 2.275918, -0.1339855, -0.01962923, -0.4642515, -0.5314502, -0.3304157, 0.1041049, 0.05078501, -0.02488246, -0.06288803, -0.8473004, -0.8744144
 69621072, -0.06331167, 0.04038847, -0.9360139, -0.932232, -0.2913012, 0.1112588, 2.333781, 2.269303, -0.1300374, -0.0165805, -0.4680776, -0.544912, -0.3078682, 0.1005329, 0.1218876, -0.03760504, -0.05577844, -0.8496236, -0.876191
 69621105, -0.06507512, 0.04193978, -0.9445742, -0.9323261, -0.289375, 0.1065119, 2.312735, 2.268244, -0.1079966, -0.01423313, -0.534671, -0.5525, -0.3359356, 0.1009163, 0.02628771, -0.03940624, -0.04892154, -0.8839144, -0.8765943
 69621142, -0.07904663, 0.03775243, -0.9498734, -0.9338, -0.2863251, 0.08893547, 2.308381, 2.261121, -0.11245, -0.01492753, -0.5309641, -0.5532097, -0.3375834, 0.09958594, 0.02808392, -0.04068185, -0.03390141, -0.8838165, -0.8763818
 69621178, -0.08425593, 0.03752517, -0.9498907, -0.93351, -0.2897438, 0.07368068, 2.310153, 2.305992, -0.1357554, -0.01861237, -0.5120152, -0.5548614, -0.3433441, 0.09265806, 0.07633764, 0.03020676, -0.02972393, -0.8840353, -0.875816
 69621210, -0.09350459, 0.03558138, -0.9442046, -0.931702, -0.3012895, 0.06053583, 2.326349, 2.313618, -0.1493786, -0.02327194, -0.5065275, -0.5447697, -0.3474092, 0.09200105, 0.1384265, 0.07433446, -0.03217048, -0.8803272, -0.8758566
 69621242, -0.09102529, 0.01717196, -0.9291406, -0.9232758, -0.2967315, 0.06920277, 2.320978, 2.322497, -0.1716259, -0.0534298, -0.4949506, -0.5203385, -0.346401, 0.08927384, 0.1473033, 0.09677812, -0.03905046, -0.8656354, -0.8678454
 69621278, -0.182399, -0.0378914, -0.9138257, -0.9143117, -0.293566, 0.06866045, 2.310831, 2.354515, -0.1818796, -0.06057584, -0.4937745, -0.4906723, -0.3464858, 0.08591037, 0.1639722, 0.1588938, -0.05575268, -0.8568485, -0.84284
 69621310, -0.2374215, -0.09596853, -0.9173492, -0.9154438, -0.2917348, 0.09126469, 2.306227, 2.406027, -0.1969644, -0.071127, -0.479712, -0.4757995, -0.3472303, 0.08489534, 0.174553, 0.2083585, -0.06214852, -0.8600518, -0.8595001
 69621344, -0.252983, -0.1548237, -0.9241521, -0.9222668, -0.2904793, 0.05373514, 2.303328, 2.348274, -0.2049179, -0.08339527, -0.4659541, -0.4379264, -0.3471757, 0.06630783, 0.1761286, 0.2834516, -0.07171153, -0.8674667, -0.8585665
 69621380, -0.321486, -0.1393446, -0.9275643, -0.8959993, -0.2958882, 0.06081048, 2.308197, 2.364144, -0.213194, -0.09707187, -0.464509, -0.4354229, -0.3481268, 0.08085638, 0.1735843, 0.2885482, -0.08330693, -0.8708586, -0.8465422
 69621412, -0.3093721, -0.1752499, -0.9179414, -0.9219304, -0.3115339, 0.07479385, 2.307978, 2.368793, -0.225069, -0.1094993, -0.4631607, -0.4341847, -0.3471972, 0.1138932, 0.09903952, 0.2782049, -0.08181757, -0.8569567, -0.8493601
 69621446, -0.3370034, -0.1800651, -0.9000913, -0.9255374, -0.3257719, 0.07370789, 2.337084, 2.371311, -0.2238771, -0.1183783, -0.4402782, -0.4383901, -0.2983259, 0.1141255, 0.1497105, 0.2704386, -0.04617783, -0.8098643, -0.8533595
 69621481, -0.3160286, -0.1833825, -0.9144508, -0.927103, -0.3324892, 0.1057252, 2.314672, 2.377358, -0.2255316, -0.1239876, -0.455068, -0.4534712, -0.2887818, 0.1484548, 0.1212293, 0.4248692, -0.0487529, -0.824283, -0.8566772
 69621512, -0.3202539, -0.1844977, -0.9485429, -0.9278468, -0.3382363, 0.1937645, 2.321873, 2.441641, -0.2207643, -0.1284076, -0.5085824, -0.4824049, -0.2990583, 0.2979653, 0.09013583, 0.3739282, -0.07029574, -0.8718611, -0.8602024
 69621542, -0.3148134, -0.1853018, -0.9391788, -0.9284098, -0.3384192, 0.1803571, 2.29979, 2.447448, -0.2226422, -0.1333914, -0.512995, -0.511094, -0.3474602, 0.268665, -0.02103261, 0.4064459, -0.1272038, -0.869849, -0.8600256
 69621578, -0.3114238, -0.185761, -0.9304206, -0.9293927, -0.3369314, 0.05569922, 2.299135, 2.289091, -0.224727, -0.1293478, -0.5177827, -0.5099314, -0.3442947, 0.09324355, -0.02672552, 0.03512974, -0.1274723, -0.8691182, -0.8597963
 69621611, -0.3201218, -0.185418, -0.9340994, -0.9293694, -0.3304515, 0.04333029, 2.358256, 2.280957, -0.2267465, -0.1233032, -0.5236009, -0.5076844, -0.3554913, 0.09565314, 0.04970442, 0.04111428, -0.1319098, -0.8687629, -0.8551654
 69621642, -0.3187408, -0.183049, -0.9178888, -0.9219091, -0.3246888, 0.01137856, 2.362325, 2.272635, -0.2222665, -0.1021906, -0.526001, -0.4880415, -0.3576099, 0.09498949, 0.06638765, 0.07143908, -0.1402316, -0.8567802, -0.8530432
 69621678, -0.2704612, -0.1813309, -0.9180327, -0.9229417, -0.3188873, 0.001039654, 2.376789, 2.27318, -0.1891487, -0.09795324, -0.5157545, -0.4867036, -0.3519676, 0.09618182, 0.1273716, 0.09530286, -0.150452, -0.8658286, -0.8569812
 69621720, -0.2247783, -0.1396413, -0.9140635, -0.9115666, -0.3149357, 0.01030147, 2.378237, 2.288019, -0.159952, -0.08138753, -0.5200293, -0.4838233, -0.3506693, 0.1111397, 0.1485787, 0.1503144, -0.1490435, -0.8582415, -0.8447757
 69621758, -0.1661577, -0.08789757, -0.9148719, -0.9137664, -0.3050412, 0.01182092, 2.380498, 2.284444, -0.1391782, -0.06258049, -0.5216003, -0.4843147, -0.3453408, 0.111859, 0.1587133, 0.150421, -0.1394827, -0.8648868, -0.8496805
 69621795, -0.1038329, -0.01800826, -0.9235634, -0.9130501, -0.297103, 0.04877622, 2.383253, 2.294634, -0.1182701, -0.03012503, -0.5163494, -0.509517, -0.3398207, 0.1220916, 0.1612653, 0.1521321, -0.1319544, -0.8697907, -0.8446894
 69621845, -0.02588446, 0.08812661, -0.9362665, -0.932772, -0.2721728, 0.09670274, 2.37101, 2.345642, -0.07904372, 0.02537173, -0.5134464, -0.5223895, -0.3023387, 0.1423911, 0.1364482, 0.09820187, -0.07597566, -0.8732159, -0.8710842
 69621883, -0.03656537, 0.1065553, -0.9238768, -0.9323233, -0.2650845, 0.1182201, 2.358919, 2.298751, -0.0708978, 0.04835678, -0.5127614, -0.5275311, -0.2940218, 0.1477972, 0.08668204, 0.06701078, -0.05347078, -0.8725893, -0.869785
 69621914, -0.02947033, 0.1146542, -0.93396, -0.934628, -0.2699277, 0.1255672, 2.368273, 2.282767, -0.04569074, 0.05920168, -0.5127159, -0.532208, -0.2913379, 0.1521971, 0.05939712, 0.02083451, -0.0325881, -0.8779485, -0.8702686
 69621948, -0.04612208, 0.1169389, -0.9363269, -0.9368878, -0.2591319, 0.1233058, 2.351661, 2.246759, -0.0283011, 0.05217693, -0.537612, -0.5464106, -0.2814259, 0.1557297, 0.05616769, -0.04132536, -0.01694615, -0.8791025, -0.8727572
 69621980, -0.01816685, 0.1175765, -0.94287, -0.9372975, -0.2605875, 0.125168, 2.353074, 2.244543, -0.02307021, 0.05402107, -0.5364624, -0.5523385, -0.2912187, 0.1558616, 0.003098676, -0.04344837, -3.362354E-05, -0.8807529, -0.8736143
 69622013, -0.01657865, 0.1169533, -0.9399738, -0.9371937, -0.2605853, 0.1248849, 2.357166, 2.248957, -0.02406844, 0.09270743, -0.5447436, -0.5724089, -0.2898008, 0.156105, -0.002026553, -0.0452309, 0.005450398, -0.8773052, -0.8736535
 69622047, -0.01378861, 0.1169618, -0.9393297, -0.9369851, -0.2571668, 0.1200745, 2.367877, 2.259361, -0.03507826, 0.08638151, -0.5357447, -0.5678014, -0.2925431, 0.1551366, 0.0090731, -0.03258925, 0.007881753, -0.8779235, -0.8741757
 69622080, -0.007914561, 0.1157374, -0.9348657, -0.9342121, -0.2580683, 0.1077551, 2.361504, 2.284967, -0.06463505, 0.06505889, -0.5286601, -0.5467566, -0.2961723, 0.1515804, 0.04188213, 0.005635232, 0.02053595, -0.8781541, -0.8738741
 69622116, -0.03150196, 0.1156076, -0.9298998, -0.9328082, -0.2671247, 0.1026679, 2.377553, 2.308721, -0.09386809, 0.04834059, -0.5079206, -0.5228413, -0.2944608, 0.1484751, 0.1020563, 0.0554759, 0.0171883, -0.8617342, -0.8721846
 69622144, -0.03148682, 0.1043078, -0.9294718, -0.9241814, -0.2683906, 0.09558836, 2.376053, 2.324311, -0.1008612, 0.01791729, -0.5020462, -0.5252978, -0.2986847, 0.1500536, 0.1419684, 0.09858289, 0.008100987, -0.8611342, -0.8595285
 69622175, -0.09088828, 0.03106726, -0.916185, -0.9168043, -0.271852, 0.1184899, 2.354511, 2.388069, -0.1215305, -0.01738093, -0.4947209, -0.5135695, -0.2985902, 0.1464269, 0.1473072, 0.1511005, 0.006768866, -0.8505024, -0.8508112
 69622208, -0.1440425, -0.04192964, -0.9137623, -0.9183899, -0.2706749, 0.1368294, 2.350877, 2.452459, -0.1418505, -0.03100723, -0.491182, -0.4895556, -0.2989649, 0.1441683, 0.1585564, 0.2425797, -0.002520871, -0.8530754, -0.8594687
 69622243, -0.1987277, -0.1163939, -0.9215116, -0.918808, -0.2705474, 0.1390112, 2.349872, 2.463515, -0.1480544, -0.03301166, -0.4892504, -0.4872428, -0.3038795, 0.1566156, 0.161294, 0.2950927, -0.01270129, -0.8595014, -0.8763234
 69622276, -0.2166313, -0.1477669, -0.9393668, -0.9280847, -0.2741469, 0.1316482, 2.314056, 2.468173, -0.1481938, -0.0327705, -0.4902304, -0.486958, -0.3064486, 0.1918546, 0.1082748, 0.2669124, -0.02162678, -0.8879977, -0.8720186
 69622308, -0.2223302, -0.1936553, -0.9390952, -0.9499345, -0.2916359, 0.1344015, 2.316345, 2.478678, -0.1634825, -0.03539643, -0.4977643, -0.4917471, -0.3102521, 0.1891893, 0.1062441, 0.2709194, -0.03514935, -0.8931988, -0.8880962
 69622343, -0.2484164, -0.1592226, -0.949757, -0.9376234, -0.308093, 0.09526076, 2.301337, 2.393997, -0.1883967, -0.05254376, -0.5223287, -0.5272331, -0.3247023, 0.09143026, 0.0608127, 0.1763498, -0.04776365, -0.8874493, -0.8793904
 69622376, -0.2484343, -0.136646, -0.9500558, -0.9195644, -0.3171932, 0.08640867, 2.304755, 2.355277, -0.1865742, -0.09370813, -0.5188774, -0.4751273, -0.3020711, 0.1132886, 0.07108159, 0.1355021, -0.04868432, -0.8878686, -0.8548575
 69622408, -0.2469017, -0.1368027, -0.9505149, -0.9188182, -0.3194672, 0.0775943, 2.307117, 2.340044, -0.1801051, -0.09362306, -0.5232951, -0.4748661, -0.2787263, 0.09150597, 0.05770944, 0.1358284, -0.06629499, -0.8874795, -0.8541777
 69622443, -0.2380283, -0.1429112, -0.9525012, -0.9151485, -0.3256171, 0.09016797, 2.284373, 2.32182, -0.1744655, -0.09393553, -0.5262529, -0.4750237, -0.313868, 0.1198419, -0.02978419, 0.0976714, -0.09424972, -0.8894239, -0.8543779
 69622476, -0.2388964, -0.1524184, -0.952545, -0.9412925, -0.3190913, 0.07967553, 2.295183, 2.297104, -0.1716032, -0.09090178, -0.5281436, -0.5499631, -0.3132429, 0.1062752, -0.02702536, 0.07372752, -0.09444734, -0.8890032, -0.8806792
 69622507, -0.2397506, -0.189046, -0.9529395, -0.9376457, -0.3101507, 0.05304839, 2.333745, 2.257041, -0.1613492, -0.09471562, -0.5332716, -0.6060961, -0.3145525, 0.1270273, 0.02216442, 0.0132925, -0.09984318, -0.8881109, -0.8786327
 69622543, -0.233891, -0.1609031, -0.9487423, -0.9327425, -0.2918893, 0.05613203, 2.339844, 2.284477, -0.1626943, -0.08076879, -0.5353657, -0.4845013, -0.3142549, 0.1270483, 0.04893129, 0.06430063, -0.1052236, -0.8866056, -0.8673025
 69622575, -0.2367209, -0.151609, -0.9471386, -0.9213982, -0.2904123, 0.04765548, 2.358463, 2.280327, -0.1475367, -0.07319225, -0.5328841, -0.4932448, -0.3126149, 0.1280511, 0.09574988, 0.07527886, -0.103375, -0.8824297, -0.8720542
 69622606, -0.1953441, -0.1343086, -0.9155173, -0.9177803, -0.2823643, 0.03167453, 2.359168, 2.288173, -0.1386075, -0.05285917, -0.5284066, -0.5002331, -0.3081152, 0.1313906, 0.1047801, 0.1025231, -0.1050828, -0.8572488, -0.8579757
 69622647, -0.1551891, -0.05904033, -0.9208823, -0.9228315, -0.2580479, 0.04233973, 2.374434, 2.303014, -0.1138139, -0.03734359, -0.5261663, -0.4862222, -0.3026404, 0.1423266, 0.1238595, 0.122037, -0.1009345, -0.8615662, -0.852568
 69622675, -0.08383173, -0.002365201, -0.926504, -0.9231934, -0.2537203, 0.05687859, 2.375695, 2.308136, -0.1139956, -0.01749008, -0.5257214, -0.5170445, -0.3002954, 0.1442574, 0.1254618, 0.1202891, -0.09585164, -0.8728063, -0.8479167
 69622708, -0.0709791, 0.0183641, -0.9530373, -0.9304687, -0.2493825, 0.09299503, 2.38047, 2.318112, -0.1056984, 8.969568E-06, -0.5234439, -0.5283769, -0.292762, 0.1492124, 0.146285, 0.1088199, -0.07957201, -0.8866937, -0.8619641
 69622746, -0.07007514, 0.03263226, -0.948647, -0.9307945, -0.2466683, 0.1105806, 2.381565, 2.319887, -0.09871014, 0.03044786, -0.5243046, -0.5217176, -0.2890541, 0.1562089, 0.1336287, 0.08318883, -0.05810443, -0.8850378, -0.8605005
 69622779, -0.06915007, 0.03435787, -0.9437441, -0.9298515, -0.2258643, 0.1172665, 2.345093, 2.328632, -0.09566481, 0.03094489, -0.5211491, -0.5213264, -0.27936, 0.1580907, 0.0977037, 0.0630093, -0.03959481, -0.87888, -0.8600462
 69622811, -0.06598546, 0.03496357, -0.9454395, -0.930454, -0.2256384, 0.1336481, 2.345254, 2.324194, -0.07328226, 0.01873923, -0.5212655, -0.5226253, -0.2715774, 0.1592578, 0.07831827, 0.02265372, -0.02828632, -0.8812842, -0.8629698
 